ㄱ
[[0.3298884, -0.5], [0.33242065, -0.49655902], [0.33308935, -0.49474955], [0.33379135, -0.49178085], [0.33413187, -0.48866084], [0.33356607, -0.4855408], [0.33212999, -0.47078353], [0.33488354, -0.4248879], [0.33273548, -0.3650239], [0.33967936, -0.30447116], [0.33349183, -0.23965889], [0.337193, -0.19191323], [0.34357727, -0.13637063], [0.3465843, -0.08616504], [0.35010192, -0.03473232], [0.35969317, 0.03339303], [0.36924776, 0.11151163], [0.37754214, 0.18238238], [0.38254312, 0.24259152], [0.388246, 0.29302466], [0.38983497, 0.3300637], [0.38726458, 0.3493935], [0.3834188, 0.3681095], [0.37663975, 0.38270837], [0.36891773, 0.39067137], [0.36156762, 0.39826187], [0.35137808, 0.4040246], [0.33838582, 0.40687683], [0.32046375, 0.41068372], [0.30115864, 0.41383865], [0.280811, 0.4167724], [0.25845477, 0.42000884], [0.22675748, 0.42188796], [0.19223714, 0.42415744], [0.15334766, 0.42852318], [0.10456825, 0.43356547], [0.05150505, 0.4408191], [-0.0019468069, 0.44551682], [-0.05921298, 0.44803008], [-0.11353804, 0.45523033], [-0.16899621, 0.46069434], [-0.21876015, 0.46650186], [-0.255773, 0.47137925], [-0.28997162, 0.4757023], [-0.32286757, 0.4815335], [-0.34750107, 0.4850177], [-0.36574554, 0.49036768], [-0.38137215, 0.49832356], [-0.38938236, 0.4996391], [-0.39041963, 0.49942955]]
[0, 0, 0, 0, 0, 0, 0, 0, 0, 0, 0, 0, 0, 0, 0, 0, 0, 0, 0, 0, 0, 0, 0, 0, 0, 0, 0, 0, 0, 0, 0, 0, 0, 0, 0, 0, 0, 0, 0, 0, 0, 0, 0, 0, 0, 0, 0, 0, 0, 0, 0, 0, 0, 0, 0, 0, 0, 0, 0, 0, 0, 0, 0, 0, 0, 0, 0, 0]
ㄱ
[[0.26925135, -0.5], [0.26612517, -0.49881163], [0.2633194, -0.49566996], [0.26079404, -0.4923984], [0.26016116, -0.48363593], [0.2646404, -0.4501894], [0.27204746, -0.40361217], [0.28065816, -0.34007692], [0.29485416, -0.27847213], [0.311486, -0.21181563], [0.32396275, -0.14843631], [0.33611682, -0.08072297], [0.34931982, -0.007482253], [0.3629609, 0.06342217], [0.3813636, 0.13584414], [0.39467764, 0.19565307], [0.42112428, 0.25091767], [0.4397423, 0.2979151], [0.44702026, 0.33371544], [0.45481098, 0.36501876], [0.45971006, 0.3931517], [0.4623035, 0.4172708], [0.4642966, 0.4337553], [0.4638601, 0.4469121], [0.4615137, 0.4537512], [0.45603517, 0.4587229], [0.4415803, 0.46351266], [0.41950235, 0.46679884], [0.39755538, 0.4704609], [0.37600133, 0.4714795], [0.3518642, 0.47088534], [0.317161, 0.47159228], [0.27627075, 0.47158086], [0.23955454, 0.470196], [0.18298857, 0.4716963], [0.11951803, 0.47257787], [0.051410027, 0.474487], [-0.01394444, 0.47563463], [-0.08627428, 0.4771305], [-0.15310174, 0.47698158], [-0.22296739, 0.47682709], [-0.28182214, 0.47800478], [-0.3325431, 0.48121428], [-0.37971446, 0.48601997], [-0.4120834, 0.49261248], [-0.43416563, 0.49568346], [-0.4527393, 0.499806], [-0.4610444, 0.49789006], [-0.4639474, 0.49702913], [-0.4644385, 0.49702913]]
[0, 0, 0, 0, 0, 0, 0, 0, 0, 0, 0, 0, 0, 0, 0, 0, 0, 0, 0, 0, 0, 0, 0, 0, 0, 0, 0, 0, 0, 0, 0, 0, 0, 0, 0, 0, 0, 0, 0, 0, 0, 0, 0, 0, 0, 0, 0, 0, 0, 0, 0, 0, 0, 0, 0, 0, 0, 0, 0, 0, 0, 0, 0, 0, 0, 0, 0, 0, 0, 0, 0, 0, 0, 0, 0, 0, 0, 0, 0, 0]
ㄱ
[[0.15062988, -0.5], [0.15033238, -0.49633107], [0.15011753, -0.49243414], [0.15188746, -0.4790556], [0.1586354, -0.44371158], [0.1663865, -0.40273863], [0.17968619, -0.34480816], [0.197303, -0.27975777], [0.21906464, -0.21360333], [0.24833557, -0.15515982], [0.27724105, -0.090255246], [0.3048115, -0.02224627], [0.33110273, 0.0536604], [0.35529548, 0.120713], [0.38789463, 0.1849944], [0.41331866, 0.24556984], [0.42828223, 0.30502993], [0.44113392, 0.36162245], [0.45174733, 0.39906442], [0.45671237, 0.42667687], [0.46056095, 0.44623116], [0.46153057, 0.46229327], [0.4593159, 0.4743398], [0.45691392, 0.4836441], [0.45148745, 0.48960617], [0.44269493, 0.49332786], [0.43464613, 0.498384], [0.42237183, 0.49947357], [0.40009856, 0.49794325], [0.37848085, 0.4964252], [0.35183126, 0.49396446], [0.31813136, 0.4933342], [0.272112, 0.49112877], [0.22286196, 0.49047518], [0.16693817, 0.4861737], [0.10811031, 0.4795595], [0.04804147, 0.473833], [-0.014341655, 0.46685407], [-0.08200019, 0.4601491], [-0.1423023, 0.45567548], [-0.20049906, 0.450196], [-0.26169002, 0.44831213], [-0.31277162, 0.44867727], [-0.35065493, 0.44733605], [-0.3924656, 0.4502754], [-0.4239193, 0.45310926], [-0.44337094, 0.45174238], [-0.45603245, 0.44913262], [-0.46140385, 0.44814098], [-0.46214756, 0.44781044]]
[0, 0, 0, 0, 0, 0, 0, 0, 0, 0, 0, 0, 0, 0, 0, 0, 0, 0, 0, 0, 0, 0, 0, 0, 0, 0, 0, 0, 0, 0, 0, 0, 0, 0, 0, 0, 0, 0, 0, 0, 0, 0, 0, 0, 0, 0, 0, 0, 0, 0, 0, 0, 0, 0, 0, 0, 0, 0, 0, 0, 0, 0, 0, 0, 0, 0, 0, 0, 0, 0, 0, 0, 0, 0, 0, 0, 0]
ㄱ
[[-0.16292647, -0.5], [-0.16088012, -0.49585354], [-0.15314607, -0.48819652], [-0.13666117, -0.47310925], [-0.117985636, -0.45343253], [-0.09208968, -0.42327037], [-0.04955917, -0.36865243], [-0.007555088, -0.30774063], [0.035176087, -0.24241224], [0.08295994, -0.18014693], [0.12426037, -0.118949585], [0.16286781, -0.053856436], [0.20722215, 0.010154599], [0.24299997, 0.074148834], [0.2768664, 0.12802854], [0.30598822, 0.18084662], [0.33903587, 0.23427013], [0.3634568, 0.28082788], [0.3827167, 0.32009447], [0.39892325, 0.3605171], [0.41260117, 0.39102322], [0.42063951, 0.40954804], [0.4252014, 0.4262305], [0.42745408, 0.4392077], [0.4280051, 0.44821125], [0.42470437, 0.45342138], [0.4194373, 0.45637456], [0.41427281, 0.45887154], [0.4044517, 0.46218488], [0.38867736, 0.465006], [0.36187628, 0.46588236], [0.32631835, 0.46481153], [0.28045377, 0.45951024], [0.2272362, 0.45264155], [0.17236954, 0.44534382], [0.10738746, 0.43870252], [0.042550217, 0.43288404], [-0.027989864, 0.4280293], [-0.09731874, 0.42529964], [-0.16461997, 0.42577648], [-0.22415422, 0.4324581], [-0.27914158, 0.4415892], [-0.32409662, 0.45515555], [-0.35710245, 0.46611992], [-0.38493395, 0.47596422], [-0.40479502, 0.48493287], [-0.41911316, 0.4929292], [-0.42691386, 0.49797118], [-0.4282698, 0.4997599], [-0.42816177, 0.5]]
[0, 0, 0, 0, 0, 0, 0, 0, 0, 0, 0, 0, 0, 0, 0, 0, 0, 0, 0, 0, 0, 0, 0, 0, 0, 0, 0, 0, 0, 0, 0, 0, 0, 0, 0, 0, 0, 0, 0, 0, 0, 0, 0, 0, 0, 0, 0, 0, 0, 0, 0, 0, 0, 0, 0, 0, 0, 0, 0, 0, 0, 0, 0, 0, 0, 0, 0, 0, 0, 0]
ㄱ
[[-0.018811475, -0.5], [-0.019775148, -0.49785852], [-0.019343147, -0.49319616], [-0.018916862, -0.48890376], [-0.014284877, -0.4707037], [-0.006190196, -0.4477194], [0.004182056, -0.42239457], [0.017629778, -0.3913835], [0.03789538, -0.35883662], [0.059705384, -0.32390192], [0.085930355, -0.28436154], [0.12454346, -0.23036435], [0.1729811, -0.16953456], [0.21744528, -0.10625961], [0.25259998, -0.052541792], [0.29694918, 0.0074593443], [0.33861935, 0.06497738], [0.37016404, 0.12679042], [0.39884165, 0.17979056], [0.42634702, 0.21361393], [0.4441822, 0.25263596], [0.4534734, 0.27959952], [0.45928153, 0.2983495], [0.46405905, 0.31066132], [0.46519822, 0.3188915], [0.46436515, 0.32370916], [0.4617857, 0.32741162], [0.45450902, 0.33151555], [0.44253516, 0.33739266], [0.42390683, 0.34479758], [0.40081215, 0.35398683], [0.3744871, 0.36374274], [0.3377227, 0.37233293], [0.2901425, 0.37804607], [0.23999685, 0.38027623], [0.1779759, 0.38366276], [0.11323346, 0.389485], [0.042469718, 0.39943615], [-0.031808663, 0.4112285], [-0.100284725, 0.425094], [-0.17180231, 0.4401211], [-0.23494875, 0.45405668], [-0.29533496, 0.46946484], [-0.34514323, 0.4823078], [-0.38460317, 0.4910544], [-0.41770324, 0.49553517], [-0.44442993, 0.49725896], [-0.4601447, 0.4990298], [-0.4652183, 0.5], [-0.46487704, 0.5]]
[0, 0, 0, 0, 0, 0, 0, 0, 0, 0, 0, 0, 0, 0, 0, 0, 0, 0, 0, 0, 0, 0, 0, 0, 0, 0, 0, 0, 0, 0, 0, 0, 0, 0, 0, 0, 0, 0, 0, 0, 0, 0, 0, 0, 0, 0, 0, 0, 0, 0, 0, 0, 0, 0, 0, 0, 0, 0, 0, 0, 0, 0, 0, 0, 0, 0, 0, 0, 0, 0, 0, 0, 0, 0, 0, 0, 0, 0, 0, 0, 0, 0, 0, 0]
ㄱ
[[0.35263082, -0.5], [0.3520116, -0.49733743], [0.35143957, -0.49470553], [0.35071537, -0.4905306], [0.35015386, -0.479571], [0.35007533, -0.4503644], [0.35005653, -0.39864844], [0.3504221, -0.33450198], [0.35084388, -0.26573923], [0.3533134, -0.19653808], [0.35589945, -0.13590997], [0.3663943, -0.07686578], [0.37776932, -0.014706958], [0.38905707, 0.049345274], [0.39957336, 0.120078325], [0.4093774, 0.19376308], [0.41969326, 0.26440188], [0.4284126, 0.32669902], [0.43301776, 0.37875953], [0.4354147, 0.41518527], [0.43874088, 0.44143426], [0.43659905, 0.46210575], [0.43417135, 0.4786239], [0.43344715, 0.48885134], [0.43111712, 0.49427405], [0.4281626, 0.49760932], [0.42236903, 0.49977842], [0.41651246, 0.49882215], [0.40505126, 0.49640816], [0.39056727, 0.4944723], [0.37455618, 0.4931545], [0.35471946, 0.48993587], [0.33077508, 0.48599464], [0.2907576, 0.48129976], [0.24076524, 0.47662044], [0.18610814, 0.4702663], [0.12524357, 0.4621607], [0.061134942, 0.45489237], [-0.008155851, 0.4480105], [-0.08026826, 0.44317132], [-0.1479941, 0.44285715], [-0.21347429, 0.4436884], [-0.27174947, 0.44675103], [-0.3217677, 0.45156923], [-0.3687378, 0.4563899], [-0.40076467, 0.46438596], [-0.42037743, 0.46970803], [-0.43358082, 0.47397086], [-0.43833008, 0.47054228], [-0.43885487, 0.46914285]]
[0, 0, 0, 0, 0, 0, 0, 0, 0, 0, 0, 0, 0, 0, 0, 0, 0, 0, 0, 0, 0, 0, 0, 0, 0, 0, 0, 0, 0, 0, 0, 0, 0, 0, 0, 0, 0, 0, 0, 0, 0, 0, 0, 0, 0, 0, 0, 0, 0, 0, 0, 0, 0, 0, 0, 0, 0, 0, 0, 0, 0, 0, 0, 0, 0, 0, 0, 0, 0, 0]
ㄱ
[[0.32840785, -0.5], [0.32889277, -0.4983946], [0.32841775, -0.49284658], [0.3279378, -0.4893231], [0.32670805, -0.47619227], [0.3237601, -0.43918878], [0.3209547, -0.39561117], [0.31863132, -0.34702554], [0.31866667, -0.28524584], [0.3199754, -0.21107364], [0.32587406, -0.13594389], [0.33285332, -0.066134356], [0.34037274, 7.511936E-4], [0.3472449, 0.06818419], [0.35138443, 0.13150556], [0.3583691, 0.19806893], [0.37022012, 0.25854087], [0.37923738, 0.31262445], [0.38492793, 0.35930946], [0.38640827, 0.39247403], [0.38749066, 0.4172779], [0.38798878, 0.44137365], [0.38867077, 0.45687455], [0.38784444, 0.46884894], [0.3842175, 0.4780744], [0.37681016, 0.4854306], [0.36706242, 0.49185213], [0.35819048, 0.49473304], [0.34849715, 0.49669027], [0.33335102, 0.49957117], [0.31389508, 0.5], [0.28734532, 0.49839324], [0.25084123, 0.49487388], [0.20609589, 0.49103513], [0.14968114, 0.4857704], [0.09469747, 0.4798784], [0.034884628, 0.4718607], [-0.021282602, 0.46263504], [-0.08345696, 0.45300275], [-0.13818781, 0.4456151], [-0.1930944, 0.43886063], [-0.24232082, 0.4330589], [-0.2799266, 0.43052924], [-0.31353372, 0.42915407], [-0.34067765, 0.43019968], [-0.3624999, 0.4317082], [-0.37825006, 0.4345861], [-0.38735458, 0.43477306], [-0.38853225, 0.43263987], [-0.38829473, 0.43211207]]
[0, 0, 0, 0, 0, 0, 0, 0, 0, 0, 0, 0, 0, 0, 0, 0, 0, 0, 0, 0, 0, 0, 0, 0, 0, 0, 0, 0, 0, 0, 0, 0, 0, 0, 0, 0, 0, 0, 0, 0, 0, 0, 0, 0, 0, 0, 0, 0, 0, 0, 0, 0, 0, 0, 0, 0, 0, 0, 0, 0, 0, 0, 0, 0, 0, 0, 0, 0, 0, 0, 0, 0, 0, 0]
ㄱ
[[-0.08908567, -0.5], [-0.08966755, -0.49624142], [-0.09031116, -0.49345502], [-0.09033638, -0.4891179], [-0.087466806, -0.4784151], [-0.07825791, -0.45783883], [-0.063274294, -0.4365897], [-0.041621096, -0.41021228], [-0.012007009, -0.37540954], [0.02927238, -0.31502807], [0.06827588, -0.24999297], [0.11193593, -0.17945805], [0.1507365, -0.10690587], [0.18431364, -0.03204358], [0.21838574, 0.043458097], [0.25546804, 0.114862], [0.2887766, 0.18593955], [0.31704035, 0.24762397], [0.3396949, 0.30905244], [0.3621297, 0.35939524], [0.38068163, 0.39992914], [0.39538425, 0.4313725], [0.40140998, 0.45329463], [0.40305534, 0.4686873], [0.40416482, 0.4797151], [0.402082, 0.4872127], [0.39454743, 0.49253604], [0.3847031, 0.49597666], [0.37259942, 0.498431], [0.35676375, 0.49956292], [0.33789212, 0.5], [0.31511676, 0.49922574], [0.27772242, 0.49532518], [0.24049914, 0.49145254], [0.20793131, 0.48785532], [0.15701866, 0.4852893], [0.11217214, 0.4838583], [0.060312845, 0.48284325], [0.008689262, 0.48121664], [-0.043885518, 0.48066884], [-0.10232374, 0.479686], [-0.15787804, 0.4772388], [-0.2187367, 0.47420412], [-0.2705218, 0.4717494], [-0.31377563, 0.46706182], [-0.34904695, 0.46653524], [-0.3749103, 0.4678199], [-0.39345306, 0.46983042], [-0.40295446, 0.47172442], [-0.4044069, 0.47199342]]
[0, 0, 0, 0, 0, 0, 0, 0, 0, 0, 0, 0, 0, 0, 0, 0, 0, 0, 0, 0, 0, 0, 0, 0, 0, 0, 0, 0, 0, 0, 0, 0, 0, 0, 0, 0, 0, 0, 0, 0, 0, 0, 0, 0, 0, 0, 0, 0, 0, 0, 0, 0, 0, 0, 0, 0, 0, 0, 0, 0, 0, 0, 0, 0, 0, 0, 0, 0, 0, 0, 0, 0, 0, 0]
ㄱ
[[0.023809524, -0.41020852], [0.021664055, -0.41020852], [0.018230848, -0.40768218], [0.017727092, -0.4046952], [0.01872749, -0.39784804], [0.026490597, -0.37695077], [0.04378174, -0.351941], [0.067844436, -0.31810847], [0.101526566, -0.27214795], [0.13789007, -0.21847013], [0.1833598, -0.15589343], [0.22688968, -0.103085965], [0.26095927, -0.05191171], [0.29152656, 3.550034E-4], [0.32820573, 0.048071507], [0.36016747, 0.09672132], [0.38925248, 0.14530714], [0.414644, 0.186687], [0.43331885, 0.22110084], [0.4504006, 0.25005016], [0.47368222, 0.27370584], [0.4929972, 0.29256147], [0.49859944, 0.30412167], [0.49913508, 0.30932108], [0.49086717, 0.31763282], [0.4814326, 0.32128406], [0.46958783, 0.3257303], [0.45314127, 0.33062112], [0.4347339, 0.33551198], [0.40772408, 0.34080753], [0.3690692, 0.3478501], [0.3271956, 0.35274485], [0.28213227, 0.3567711], [0.22289759, 0.3601257], [0.16722474, 0.36142272], [0.103198856, 0.3641332], [0.04757251, 0.36748508], [-0.011753634, 0.37243506], [-0.07416251, 0.3804633], [-0.13371266, 0.38986793], [-0.19509806, 0.3984278], [-0.24899457, 0.40300947], [-0.2951774, 0.4085149], [-0.3513284, 0.40828028], [-0.3951173, 0.40554333], [-0.43139982, 0.4064751], [-0.46169418, 0.4088133], [-0.4847425, 0.41013184], [-0.49791917, 0.4039838], [-0.5, 0.40149394]]
[0, 0, 0, 0, 0, 0, 0, 0, 0, 0, 0, 0, 0, 0, 0, 0, 0, 0, 0, 0, 0, 0, 0, 0, 0, 0, 0, 0, 0, 0, 0, 0, 0, 0, 0, 0, 0, 0, 0, 0, 0, 0, 0, 0, 0, 0, 0, 0, 0, 0, 0, 0, 0, 0, 0, 0, 0, 0, 0, 0, 0, 0, 0, 0, 0, 0, 0, 0, 0, 0, 0, 0, 0, 0, 0, 0, 0, 0]
ㄱ
[[0.4610781, -0.5], [0.46226284, -0.4969853], [0.4617873, -0.49535158], [0.4619449, -0.48922268], [0.46347794, -0.47401977], [0.46828684, -0.44098496], [0.4739464, -0.39587218], [0.48054785, -0.31609845], [0.48213756, -0.22787088], [0.4837961, -0.13505433], [0.4802699, -0.04485968], [0.47557718, 0.046318464], [0.4720702, 0.12501241], [0.4700768, 0.20595044], [0.4697854, 0.27935475], [0.47047108, 0.33715832], [0.4703529, 0.37810203], [0.4706417, 0.41806364], [0.46775803, 0.4494677], [0.4634851, 0.46808156], [0.4592657, 0.47721922], [0.45501047, 0.4819632], [0.4505547, 0.4854495], [0.44638544, 0.4885219], [0.4427248, 0.48968402], [0.43784633, 0.48968402], [0.42950067, 0.4879488], [0.41639116, 0.4821542], [0.39403337, 0.47806296], [0.36671114, 0.474895], [0.33540595, 0.47319168], [0.29913545, 0.47510317], [0.245933, 0.4793225], [0.1789203, 0.4874079], [0.10622294, 0.49405196], [0.02772755, 0.4984288], [-0.051219366, 0.49943265], [-0.13661836, 0.49518728], [-0.21510363, 0.4928357], [-0.2912051, 0.48710704], [-0.35055444, 0.4820299], [-0.39114204, 0.48006833], [-0.42124006, 0.48066533], [-0.44445196, 0.48368245], [-0.4573537, 0.48484454], [-0.4680204, 0.48597482], [-0.47788477, 0.48556092], [-0.4838879, 0.47871563], [-0.4847404, 0.46406996], [-0.48456848, 0.46101344]]
[0, 0, 0, 0, 0, 0, 0, 0, 0, 0, 0, 0, 0, 0, 0, 0, 0, 0, 0, 0, 0, 0, 0, 0, 0, 0, 0, 0, 0, 0, 0, 0, 0, 0, 0, 0, 0, 0, 0, 0, 0, 0, 0, 0, 0, 0, 0, 0, 0, 0, 0, 0, 0, 0, 0, 0, 0, 0, 0, 0, 0, 0, 0, 0, 0, 0, 0, 0, 0, 0, 0, 0, 0, 0]
