ㅣ
[[-0.033020478, 0.5], [-0.033537645, 0.5], [-0.033326168, 0.49838075], [-0.032444105, 0.4952713], [-0.032048445, 0.49324283], [-0.03158651, 0.49075362], [-0.031053668, 0.48788047], [-0.030277913, 0.48500732], [-0.0285458, 0.4764803], [-0.025998326, 0.46280792], [-0.022344142, 0.43934205], [-0.018391397, 0.41157147], [-0.014083526, 0.38016832], [-0.008607995, 0.34271508], [-0.004857081, 0.3062926], [-0.002024094, 0.2692191], [0.00118726, 0.22520156], [0.003643696, 0.1821805], [0.0069309864, 0.13965766], [0.015655708, 0.09713484], [0.023713509, 0.050647054], [0.029632851, 0.0036299117], [0.028686386, -0.038950313], [0.029165527, -0.08314375], [0.029563664, -0.12712021], [0.028038014, -0.16852826], [0.02920786, -0.20646237], [0.030412335, -0.24265169], [0.029409003, -0.27715263], [0.027977923, -0.3134283], [0.026746714, -0.347092], [0.026240082, -0.37364906], [0.025141252, -0.39275554], [0.024307074, -0.40864807], [0.024265414, -0.42142406], [0.02531631, -0.4335121], [0.026579369, -0.44488752], [0.027872292, -0.4552309], [0.02984694, -0.46355438], [0.031813752, -0.47137287], [0.03362384, -0.4788431], [0.033553317, -0.48370135], [0.033294734, -0.48756704], [0.03303615, -0.4904402], [0.031077178, -0.49277356], [0.029478652, -0.4950721], [0.028444314, -0.49737063], [0.029415965, -0.49911192], [0.029948806, -0.5], [0.029948806, -0.5]]
[0, 0, 0, 0, 0, 0, 0, 0, 0, 0, 0, 0, 0, 0, 0, 0, 0, 0, 0, 0, 0, 0, 0, 0, 0, 0, 0, 0, 0, 0, 0, 0, 0, 0]
ㅣ
[[-0.0033736327, 0.5], [-0.0029771011, 0.5], [-0.0026577755, 0.49993885], [-0.0041913986, 0.49841002], [-0.005638255, 0.4969143], [-0.00608729, 0.4957996], [-0.0065538166, 0.49450144], [-0.007148614, 0.4918579], [-0.007940341, 0.4881981], [-0.009765948, 0.47920308], [-0.011715984, 0.46882805], [-0.014163742, 0.45293298], [-0.01612319, 0.43561056], [-0.016536336, 0.41376808], [-0.016699769, 0.38993892], [-0.016221086, 0.36100098], [-0.015634751, 0.3322194], [-0.014819658, 0.3037699], [-0.013866044, 0.2743037], [-0.01266617, 0.24303016], [-0.012255538, 0.20948681], [-0.013028774, 0.17253885], [-0.013119786, 0.1367153], [-0.012342512, 0.10232282], [-0.011369261, 0.0671055], [-0.010183704, 0.030994669], [-0.008996047, -0.005578961], [-0.007806454, -0.04257972], [-0.0063970108, -0.078119904], [-0.0048148306, -0.112512425], [-0.0037013288, -0.14793594], [-0.002900281, -0.18404672], [-0.001853147, -0.21793556], [-6.675903E-4, -0.25057453], [-5.470561E-4, -0.2808167], [-9.277082E-4, -0.30993095], [-7.5447065E-4, -0.33650738], [-3.6583422E-4, -0.36209682], [8.7499287E-4, -0.38369355], [0.0023849348, -0.4040294], [0.003276361, -0.4229593], [0.0040131574, -0.44153774], [0.0062910207, -0.45722517], [0.008862419, -0.47236198], [0.011396661, -0.48206016], [0.013925828, -0.4910167], [0.015398072, -0.49561355], [0.016778408, -0.4998313], [0.016833622, -0.5], [0.016833622, -0.5]]
[0, 0, 0, 0, 0, 0, 0, 0, 0, 0, 0, 0, 0, 0, 0, 0, 0, 0, 0, 0, 0, 0, 0, 0, 0, 0]
ㅣ
[[-0.002456761, 0.5], [-0.0037439605, 0.4992849], [-0.00503116, 0.4980359], [-0.0063183596, 0.49269405], [-0.007345644, 0.48808488], [-0.007506544, 0.4859181], [-0.0076674432, 0.48061812], [-0.007828344, 0.4693998], [-0.00803796, 0.45274213], [-0.008304414, 0.4297385], [-0.008097794, 0.40638012], [-0.0075442535, 0.38276154], [-0.0060265516, 0.3580296], [-0.004080332, 0.3328028], [-0.0021465681, 0.3048826], [-2.1576788E-4, 0.27632102], [0.001420941, 0.2464129], [0.0029962633, 0.21641919], [0.0036495468, 0.18709251], [0.004546403, 0.15765801], [0.006782911, 0.12763053], [0.008337565, 0.09798227], [0.008041464, 0.06936355], [0.007367897, 0.04020574], [0.0060903816, 0.010185398], [0.0054451795, -0.020550106], [0.0054322924, -0.052000664], [0.0044470844, -0.08389569], [0.0028541759, -0.11606851], [0.0021807353, -0.14721191], [0.0018460489, -0.17797595], [-0.0014430137, -0.20693083], [-0.0052692206, -0.23555666], [-0.0048408015, -0.2628005], [-0.0042632404, -0.28982458], [-0.003938238, -0.31487483], [-0.0033097554, -0.3389449], [-0.001406671, -0.3588978], [-7.963344E-5, -0.37943998], [-4.8719758E-5, -0.4013078], [0.0017295867, -0.42005476], [0.005890718, -0.4345462], [0.0069683148, -0.44842124], [0.0054028956, -0.46176785], [0.004745683, -0.47590804], [0.0045692893, -0.49046823], [0.004647882, -0.49634737], [0.004802972, -0.49962214], [0.004820867, -0.5], [0.004820867, -0.5]]
[0, 0, 0, 0, 0, 0, 0, 0, 0, 0, 0, 0, 0, 0, 0, 0, 0, 0, 0, 0, 0, 0, 0, 0, 0, 0, 0]
ㅣ
[[-0.029041488, 0.5], [-0.029607609, 0.49496806], [-0.030132461, 0.4904276], [-0.030475724, 0.48804975], [-0.03086026, 0.4846814], [-0.031314954, 0.47962925], [-0.031685445, 0.47382864], [-0.031988572, 0.46742928], [-0.032039665, 0.4492977], [-0.032002546, 0.42705983], [-0.031615946, 0.3876478], [-0.030880332, 0.3477299], [-0.027576229, 0.31475624], [-0.024885578, 0.28216782], [-0.023651874, 0.25049424], [-0.020838957, 0.21946932], [-0.016325364, 0.18914303], [-0.014390367, 0.15927026], [-0.013744675, 0.12962428], [-0.01083184, 0.09998402], [-0.0075792843, 0.07039417], [-0.0057453583, 0.042088732], [-0.0036480478, 0.013193457], [-6.289E-4, -0.017766088], [0.0020284187, -0.048193224], [0.004159438, -0.0778459], [0.0055736806, -0.10709545], [0.006495136, -0.13606781], [0.007173838, -0.16555363], [0.007783182, -0.1951861], [0.008678484, -0.22097205], [0.009718621, -0.24650517], [0.011528339, -0.27143577], [0.013441117, -0.29614192], [0.015559996, -0.32039893], [0.017991638, -0.34292355], [0.020713687, -0.3638394], [0.02235693, -0.381538], [0.02354594, -0.3978821], [0.024174035, -0.41134557], [0.024764644, -0.42439798], [0.025763072, -0.43681228], [0.027297575, -0.44947228], [0.030363742, -0.4628344], [0.031371463, -0.47591737], [0.029806143, -0.48865157], [0.028478594, -0.4956689], [0.027290922, -0.49932325], [0.02707098, -0.5], [0.02707098, -0.5]]
[0, 0, 0, 0, 0, 0, 0, 0, 0, 0, 0, 0, 0, 0, 0, 0, 0, 0, 0, 0, 0, 0, 0, 0, 0, 0, 0, 0]
ㅣ
[[-0.02657355, 0.5], [-0.027300969, 0.5], [-0.028561903, 0.5], [-0.031423382, 0.5], [-0.033060078, 0.49979794], [-0.033471987, 0.49939382], [-0.03412053, 0.49838352], [-0.03484795, 0.49717113], [-0.035029806, 0.49474642], [-0.03492788, 0.4905952], [-0.033974614, 0.4812644], [-0.03281748, 0.46866482], [-0.03145647, 0.45279637], [-0.030255534, 0.4349065], [-0.029107952, 0.41634282], [-0.026855605, 0.38683033], [-0.024554474, 0.35701758], [-0.022107013, 0.3263043], [-0.019432083, 0.29560718], [-0.016529689, 0.26492625], [-0.013621828, 0.22761971], [-0.01071215, 0.18810467], [-0.007442425, 0.1533017], [-0.0039917333, 0.11871083], [1.8319115E-6, 0.08475651], [0.0030988366, 0.048005663], [0.0052992804, 0.008458301], [0.0077561554, -0.02813095], [0.010298503, -0.063734084], [0.012124292, -0.10089713], [0.013138114, -0.13826425], [0.011716026, -0.17624363], [0.010997697, -0.21262683], [0.010983132, -0.24741364], [0.01097949, -0.27977574], [0.01097949, -0.31132957], [0.012419764, -0.33885026], [0.013413589, -0.3655607], [0.013068066, -0.38984033], [0.013420915, -0.4122592], [0.014472138, -0.43281713], [0.015903234, -0.4481163], [0.017460955, -0.46166253], [0.020449268, -0.46865723], [0.023796743, -0.47612914], [0.02822171, -0.48503277], [0.031786203, -0.492489], [0.034490198, -0.4984978], [0.035166197, -0.5], [0.035166197, -0.5]]
[0, 0, 0, 0, 0, 0, 0, 0, 0, 0, 0, 0, 0, 0, 0, 0, 0, 0, 0, 0, 0, 0, 0, 0, 0, 0, 0, 0, 0]
ㅣ
[[0.024314515, 0.5], [0.023944207, 0.5], [0.023559084, 0.49978703], [0.022818465, 0.4944628], [0.022091508, 0.48898926], [0.021521643, 0.48179877], [0.020903874, 0.47361743], [0.01993481, 0.4581702], [0.018901125, 0.4416879], [0.01752815, 0.41977143], [0.016345594, 0.39632732], [0.01592471, 0.36677256], [0.015692828, 0.3367838], [0.016059453, 0.30542034], [0.016427107, 0.27340323], [0.016797418, 0.23970506], [0.017402338, 0.20547235], [0.018505808, 0.17010367], [0.019611964, 0.13531564], [0.020722892, 0.10155993], [0.021393906, 0.068462476], [0.02140505, 0.036352523], [0.019959535, 0.0046082726], [0.0166601, -0.026670486], [0.014752404, -0.058727443], [0.014352435, -0.0916274], [0.013014711, -0.123265], [0.010811374, -0.1537373], [0.008802972, -0.18282719], [0.006947738, -0.21083082], [0.004654767, -0.23784202], [0.0020699766, -0.26419154], [-5.195363E-4, -0.28896642], [-0.0031117033, -0.31285548], [-0.0064148856, -0.3353988], [-0.010052663, -0.35730878], [-0.012093539, -0.37606108], [-0.013513397, -0.39358532], [-0.01523717, -0.40772015], [-0.017056916, -0.42078462], [-0.018914653, -0.4318003], [-0.020781888, -0.44230384], [-0.02106682, -0.4527837], [-0.021050362, -0.4632591], [-0.021384217, -0.475064], [-0.021765841, -0.48705015], [-0.022978356, -0.49363744], [-0.024263123, -0.4997553], [-0.024314515, -0.5], [-0.024314515, -0.5]]
[0, 0, 0, 0, 0, 0, 0, 0, 0, 0, 0, 0, 0, 0, 0, 0, 0, 0, 0, 0, 0, 0, 0, 0, 0, 0]
ㅣ
[[0.03749315, 0.4938838], [0.036456212, 0.49618813], [0.035557587, 0.4981851], [0.03526753, 0.49882966], [0.035014685, 0.4993915], [0.034825113, 0.49981278], [0.034951493, 0.49912587], [0.035330635, 0.49755242], [0.035569355, 0.49612564], [0.035758927, 0.4947502], [0.035948496, 0.48707488], [0.03601527, 0.4778315], [0.03509962, 0.46007562], [0.03391293, 0.43973747], [0.032082513, 0.41326636], [0.030108001, 0.3847731], [0.02797831, 0.3541022], [0.024480429, 0.32280016], [0.02029845, 0.29118255], [0.017724909, 0.25425854], [0.015320582, 0.21653277], [0.010042962, 0.18195501], [0.004925394, 0.14719933], [3.6804704E-4, 0.111821115], [-0.0031157276, 0.07677929], [-0.0050379424, 0.042226817], [-0.008946314, 0.008173572], [-0.014220171, -0.025536418], [-0.018644787, -0.059239857], [-0.02282676, -0.092941366], [-0.02591336, -0.12744622], [-0.028844932, -0.16185951], [-0.03112742, -0.19556946], [-0.033282246, -0.22816454], [-0.035181727, -0.2585296], [-0.0364954, -0.28628224], [-0.037265092, -0.31160894], [-0.03670608, -0.337487], [-0.035587605, -0.36359736], [-0.035784826, -0.38736486], [-0.036041677, -0.41052395], [-0.03498824, -0.4297368], [-0.03395881, -0.4473798], [-0.032997962, -0.46053755], [-0.031319167, -0.47325382], [-0.028742934, -0.48541832], [-0.026863398, -0.49341956], [-0.025393697, -0.4989718], [-0.025121529, -0.5], [-0.025121529, -0.5]]
[0, 0, 0, 0, 0, 0, 0, 0, 0, 0, 0, 0, 0, 0, 0, 0, 0, 0, 0, 0, 0, 0, 0, 0, 0, 0, 0, 0]
ㅣ
[[0.006258549, 0.5], [0.005354096, 0.49816763], [0.0045192167, 0.49644893], [0.0042177327, 0.49560142], [0.0038466752, 0.49433106], [0.0032437067, 0.4916512], [0.0025363783, 0.48839155], [0.0016319258, 0.4840368], [-8.617947E-5, 0.47387266], [-0.0027535483, 0.45693094], [-0.005981869, 0.42896762], [-0.009621561, 0.3929218], [-0.011378059, 0.36143658], [-0.012297587, 0.3319782], [-0.012481718, 0.30036077], [-0.012490756, 0.26822925], [-0.0105628865, 0.23852196], [-0.008530193, 0.2090177], [-0.007912151, 0.17953925], [-0.007020915, 0.15006082], [-0.0046271174, 0.12058237], [-0.0027909486, 0.090568155], [-0.0024683538, 0.059099916], [-0.0013503234, 0.028134152], [0.0010404033, -0.0020276532], [0.002844775, -0.031851184], [0.004062785, -0.06133633], [0.0065590953, -0.09122552], [0.009854345, -0.12136723], [0.011420071, -0.15345266], [0.0123486, -0.18625413], [0.0119940005, -0.21571098], [0.011406108, -0.2445596], [0.009942776, -0.2714564], [0.008558526, -0.2980695], [0.008543451, -0.322215], [0.008473875, -0.34597278], [0.008175393, -0.36810166], [0.007692325, -0.3896122], [0.0067939432, -0.40973127], [0.0057917815, -0.4275572], [0.004648094, -0.44225624], [0.004081834, -0.45440352], [0.0040105106, -0.4643635], [0.005260925, -0.47573015], [0.007211077, -0.4878415], [0.008480105, -0.4944583], [0.009544793, -0.49942672], [0.00966764, -0.5], [0.00966764, -0.5]]
[0, 0, 0, 0, 0, 0, 0, 0, 0, 0, 0, 0, 0, 0, 0, 0, 0, 0, 0, 0, 0, 0, 0, 0, 0, 0, 0]
ㅣ
[[-0.0064960984, 0.5], [-0.0067256596, 0.4956856], [-0.006955221, 0.49137124], [-0.007125146, 0.4891277], [-0.0072924783, 0.48697418], [-0.007729643, 0.47444105], [-0.008191338, 0.46096432], [-0.009111467, 0.43218145], [-0.0100970855, 0.401212], [-0.010922844, 0.37499058], [-0.01171663, 0.34971875], [-0.013132576, 0.32121176], [-0.01471225, 0.2918534], [-0.014333226, 0.2620276], [-0.013301303, 0.23204595], [-0.013920558, 0.20494647], [-0.015219711, 0.17903374], [-0.014788415, 0.15198423], [-0.013491897, 0.12436634], [-0.012506292, 0.09491827], [-0.011707239, 0.06437219], [-0.009841615, 0.03448809], [-0.007214158, 0.0050768293], [-0.00542802, -0.02432812], [-0.0043537742, -0.05372762], [-0.0032874607, -0.08312712], [-0.0022290787, -0.11252662], [-0.002131167, -0.14165938], [-0.003168357, -0.17047676], [-0.0031229204, -0.19832152], [-0.001561807, -0.2248046], [-2.854758E-4, -0.25062403], [5.1621185E-4, -0.27533725], [4.4210063E-4, -0.2996565], [-0.0013836083, -0.32318786], [-0.002758621, -0.34552732], [-0.00303908, -0.36497217], [-0.002664263, -0.38365442], [-3.236339E-4, -0.40004867], [0.0017987818, -0.41610402], [0.0030919926, -0.43087137], [0.0045267087, -0.4452716], [0.0066689523, -0.4578361], [0.008896714, -0.47038925], [0.011723109, -0.48286322], [0.014368621, -0.49453047], [0.015024352, -0.49732342], [0.01565276, -0.5], [0.01565276, -0.5], [0.01565276, -0.5]]
[0, 0, 0, 0, 0, 0, 0, 0, 0, 0, 0, 0, 0, 0, 0, 0, 0, 0, 0, 0, 0, 0, 0, 0, 0]
ㅣ
[[-0.015088235, 0.5], [-0.015390757, 0.5], [-0.015910154, 0.49951807], [-0.017080182, 0.49759033], [-0.017685225, 0.49658194], [-0.017725281, 0.49649286], [-0.016944014, 0.48735556], [-0.01588897, 0.4752022], [-0.015055567, 0.46637258], [-0.013904902, 0.45503223], [-0.01180245, 0.43615976], [-0.0089466395, 0.41456807], [-0.005337464, 0.39025715], [-0.004011432, 0.36292607], [-0.003446446, 0.33458823], [-0.0019459566, 0.3050353], [-4.4243594E-4, 0.27481008], [0.0010701683, 0.24256806], [0.0019837883, 0.21031262], [0.002298424, 0.17804372], [0.0035024516, 0.14727226], [0.005002941, 0.117], [0.0053175767, 0.0820891], [0.005554307, 0.04766552], [0.005557318, 0.014704194], [0.005409069, -0.01824705], [0.0051095593, -0.051188212], [0.0036846804, -0.08562691], [0.0018846814, -0.12056471], [0.0021660537, -0.15419158], [0.0018537135, -0.18714955], [-2.3977272E-4, -0.2181008], [-0.0030940878, -0.24870594], [-0.006709212, -0.27896476], [-0.010335681, -0.30722186], [-0.013965932, -0.33481178], [-0.013103747, -0.35705042], [-0.012604587, -0.37927562], [-0.013194501, -0.40146047], [-0.012333049, -0.4207153], [-0.010020236, -0.4370399], [-0.006681213, -0.45145082], [-0.0030001225, -0.4652238], [9.820885E-4, -0.4755025], [0.005168343, -0.48483503], [0.00996673, -0.49132916], [0.01390004, -0.49612588], [0.016968247, -0.49922517], [0.017735295, -0.5], [0.017735295, -0.5]]
[0, 0, 0, 0, 0, 0, 0, 0, 0, 0, 0, 0, 0, 0, 0, 0, 0, 0, 0, 0, 0, 0, 0, 0, 0, 0, 0, 0, 0]
