ㄱ
[[-0.5, 0.36995053], [-0.49689698, 0.37124246], [-0.49503207, 0.37063688], [-0.4913341, 0.36937186], [-0.4746246, 0.3680097], [-0.43867382, 0.36645952], [-0.390379, 0.36603108], [-0.33336118, 0.36487496], [-0.26739633, 0.3646774], [-0.18798934, 0.37000436], [-0.1116564, 0.3712559], [-0.041202866, 0.37734458], [0.023555843, 0.3840924], [0.08391705, 0.3886367], [0.14448583, 0.38505864], [0.20103902, 0.38315898], [0.25016725, 0.37874228], [0.29938912, 0.36974627], [0.338701, 0.36118537], [0.36500186, 0.3527213], [0.38624173, 0.34401754], [0.40581915, 0.33469233], [0.42266285, 0.32419834], [0.438176, 0.3107783], [0.45220736, 0.2946025], [0.46340007, 0.27539274], [0.4716799, 0.25099653], [0.4775873, 0.22339824], [0.48219946, 0.19380729], [0.48475504, 0.1603083], [0.48451003, 0.122281276], [0.48301175, 0.080751576], [0.4799613, 0.03965696], [0.47532788, -0.0029502613], [0.4732299, -0.049498618], [0.46918097, -0.09419711], [0.4666702, -0.13964789], [0.46880236, -0.18199041], [0.47187907, -0.22211933], [0.47432408, -0.25802597], [0.4788928, -0.2925333], [0.4814812, -0.32119167], [0.4851971, -0.34198737], [0.4883569, -0.35896742], [0.49141237, -0.37313664], [0.49388966, -0.38287047], [0.49528855, -0.38783625], [0.49601528, -0.38963956], [0.5, -0.38837454], [0.5, -0.38837454]]
[0, 0, 0, 0, 0, 0, 0, 0, 0, 0, 0, 0, 0, 0, 0, 0, 0, 0, 0, 0, 0, 0, 0, 0, 0, 0, 0, 0, 0, 0, 0, 0, 0, 0, 0, 0, 0, 0, 0, 0, 0, 0, 0, 0, 0, 0, 0, 0, 0]
ㄱ
[[-0.4713523, 0.43235585], [-0.47287664, 0.4342902], [-0.4718347, 0.434938], [-0.45923054, 0.44024047], [-0.43130895, 0.44513097], [-0.37330973, 0.45561117], [-0.29471666, 0.469748], [-0.2053047, 0.48007345], [-0.10856038, 0.48923358], [-0.013300091, 0.4973772], [0.06583188, 0.49769062], [0.1409366, 0.49362257], [0.21414578, 0.48670313], [0.2807205, 0.4769781], [0.33294776, 0.47016698], [0.3749405, 0.46169442], [0.40726072, 0.45123628], [0.427563, 0.44112682], [0.44295588, 0.43127024], [0.45500013, 0.41982207], [0.4640156, 0.40793964], [0.4696114, 0.3973994], [0.47224054, 0.38577357], [0.4730932, 0.3722726], [0.47084603, 0.35596883], [0.4657654, 0.338007], [0.46197268, 0.3183872], [0.45948565, 0.2972278], [0.45748717, 0.2729103], [0.4546152, 0.24415189], [0.45171753, 0.21216956], [0.4505455, 0.17619582], [0.45101583, 0.12995043], [0.45342404, 0.08269439], [0.45759428, 0.040289294], [0.45681942, -0.013753676], [0.4548299, -0.07165168], [0.4544363, -0.13011344], [0.45459434, -0.1848681], [0.45240346, -0.23836671], [0.4518585, -0.28987992], [0.45173934, -0.3339945], [0.45143342, -0.37118134], [0.4506541, -0.40632972], [0.45120627, -0.43888965], [0.45433933, -0.46165612], [0.46128875, -0.47878137], [0.4687587, -0.4926574], [0.47206286, -0.4996447], [0.47222275, -0.5]]
[0, 0, 0, 0, 0, 0, 0, 0, 0, 0, 0, 0, 0, 0, 0, 0, 0, 0, 0, 0, 0, 0, 0, 0, 0, 0, 0, 0, 0, 0, 0, 0, 0, 0, 0, 0, 0, 0, 0, 0, 0, 0, 0, 0, 0, 0, 0, 0, 0, 0, 0, 0, 0]
ㄱ
[[-0.5, 0.34956062], [-0.49913922, 0.34956062], [-0.48737165, 0.34768757], [-0.4806352, 0.34760788], [-0.4423297, 0.3498406], [-0.36491674, 0.35830674], [-0.2925987, 0.36779726], [-0.21147247, 0.3757023], [-0.13249144, 0.38659182], [-0.052731164, 0.3980628], [0.026627868, 0.40338543], [0.10717259, 0.4102256], [0.17888741, 0.41494885], [0.23682539, 0.41452637], [0.27705514, 0.41400796], [0.30710912, 0.41124764], [0.33371574, 0.4063316], [0.35464168, 0.40051565], [0.3722786, 0.39467302], [0.38734263, 0.3895321], [0.39877516, 0.38474986], [0.4069169, 0.37996763], [0.4128349, 0.37357143], [0.4173003, 0.36591983], [0.42184642, 0.3587664], [0.42701122, 0.3501584], [0.42990747, 0.33642945], [0.42935154, 0.3174599], [0.42781824, 0.29516277], [0.4261636, 0.26960525], [0.42435, 0.24025927], [0.42277053, 0.20660052], [0.4209447, 0.16798592], [0.42003515, 0.12388741], [0.41957113, 0.07340439], [0.41867334, 0.020228362], [0.42127606, -0.03305713], [0.4288585, -0.082807824], [0.43453148, -0.12961665], [0.44056612, -0.17718393], [0.44906494, -0.21885976], [0.45709974, -0.25658175], [0.4642201, -0.29238772], [0.46938756, -0.3243724], [0.4753237, -0.35274342], [0.48135886, -0.37854612], [0.48733008, -0.3982007], [0.49536422, -0.41123226], [0.5, -0.41591486], [0.5, -0.41591486]]
[0, 0, 0, 0, 0, 0, 0, 0, 0, 0, 0, 0, 0, 0, 0, 0, 0, 0, 0, 0, 0, 0, 0, 0, 0, 0, 0, 0, 0, 0, 0, 0, 0, 0, 0, 0, 0, 0, 0, 0, 0, 0, 0, 0, 0, 0, 0, 0, 0]
ㄱ
[[-0.49256507, 0.27633208], [-0.49638736, 0.27633208], [-0.4971002, 0.27633208], [-0.4986435, 0.27633208], [-0.4873912, 0.2773215], [-0.45345932, 0.2848589], [-0.38303968, 0.30226174], [-0.29179326, 0.32257822], [-0.18852475, 0.3411594], [-0.075389, 0.3526938], [0.03717432, 0.35858777], [0.12695679, 0.36688033], [0.19967087, 0.36459196], [0.2659196, 0.36986178], [0.31535903, 0.3702809], [0.35711068, 0.36855334], [0.39011204, 0.36812764], [0.41903138, 0.3602125], [0.44414565, 0.35243717], [0.45755675, 0.3461108], [0.46839726, 0.3404723], [0.47621998, 0.33560184], [0.48047695, 0.33168674], [0.48300585, 0.3293639], [0.48626813, 0.32601076], [0.488679, 0.32162735], [0.48999402, 0.31621367], [0.49265778, 0.30917022], [0.49586946, 0.29875493], [0.49733624, 0.286354], [0.49890417, 0.27292278], [0.49991572, 0.25351584], [0.49841523, 0.22777738], [0.49618992, 0.19690177], [0.4931753, 0.15852979], [0.48894393, 0.11712184], [0.48168555, 0.068480454], [0.47633588, 0.013390558], [0.47342372, -0.03907706], [0.47050634, -0.089729905], [0.4670901, -0.13767412], [0.4657898, -0.18338053], [0.4664148, -0.23114589], [0.46812943, -0.27079573], [0.47285146, -0.30118522], [0.47896123, -0.32660073], [0.48358676, -0.34720707], [0.48901618, -0.36347777], [0.4935513, -0.37130794], [0.49380422, -0.37170133]]
[0, 0, 0, 0, 0, 0, 0, 0, 0, 0, 0, 0, 0, 0, 0, 0, 0, 0, 0, 0, 0, 0, 0, 0, 0, 0, 0, 0, 0, 0, 0, 0, 0, 0, 0, 0, 0, 0, 0, 0, 0, 0, 0, 0, 0, 0, 0, 0, 0, 0, 0, 0, 0]
ㄱ
[[-0.47990242, 0.39219332], [-0.47198477, 0.39742088], [-0.46555504, 0.40019724], [-0.45272693, 0.40546998], [-0.42436662, 0.4153748], [-0.33908337, 0.43965536], [-0.21708104, 0.4680802], [-0.11380127, 0.48076475], [-0.019485947, 0.49049997], [0.060299866, 0.49826038], [0.12895676, 0.49998558], [0.18675074, 0.49631983], [0.241105, 0.49183774], [0.28455582, 0.4866779], [0.3212382, 0.48169965], [0.3604911, 0.47457218], [0.39211932, 0.46866968], [0.4162675, 0.46315894], [0.43266964, 0.45760942], [0.44557458, 0.4515401], [0.45585075, 0.4444276], [0.46412972, 0.43653744], [0.46991643, 0.42929217], [0.47305733, 0.4237539], [0.47502893, 0.4179501], [0.47769186, 0.41055307], [0.479561, 0.4010128], [0.47908306, 0.38712922], [0.47805032, 0.3693574], [0.4771627, 0.34845608], [0.47557515, 0.32364768], [0.47415924, 0.29321843], [0.4722131, 0.2566119], [0.4710931, 0.2137997], [0.46953967, 0.1600198], [0.46592984, 0.10479474], [0.46126434, 0.048048165], [0.45556143, -0.017472968], [0.4500034, -0.08387034], [0.44483054, -0.14557703], [0.43835452, -0.20560193], [0.43516526, -0.2648627], [0.43292546, -0.31956196], [0.43183032, -0.3658135], [0.4335896, -0.40321028], [0.4349629, -0.43918562], [0.43646947, -0.4677146], [0.44012183, -0.4876301], [0.44333842, -0.4993741], [0.44351766, -0.5]]
[0, 0, 0, 0, 0, 0, 0, 0, 0, 0, 0, 0, 0, 0, 0, 0, 0, 0, 0, 0, 0, 0, 0, 0, 0, 0, 0, 0, 0, 0, 0, 0, 0, 0, 0, 0, 0, 0, 0, 0, 0, 0, 0, 0, 0, 0, 0, 0, 0, 0, 0, 0, 0]
ㄱ
[[-0.5, 0.2859888], [-0.49538243, 0.28280282], [-0.48925596, 0.28303114], [-0.45779762, 0.2865276], [-0.39256853, 0.29484913], [-0.31230065, 0.3056886], [-0.2270731, 0.3176682], [-0.13508862, 0.33046967], [-0.043371405, 0.34208712], [0.037315477, 0.35369322], [0.110923454, 0.36336818], [0.18275811, 0.36861238], [0.24508464, 0.37349084], [0.29732102, 0.37675938], [0.3388176, 0.3776459], [0.36670387, 0.37475768], [0.38752627, 0.37001243], [0.4066904, 0.3665693], [0.42219296, 0.36212727], [0.43442324, 0.35777092], [0.44276935, 0.3536259], [0.44777265, 0.34811547], [0.45224926, 0.34231243], [0.45538, 0.33576164], [0.45696, 0.32756913], [0.45883256, 0.31760478], [0.46140006, 0.30497468], [0.46315557, 0.28897974], [0.4639017, 0.2704003], [0.4645133, 0.24883607], [0.46432656, 0.22184171], [0.46404818, 0.18735611], [0.46532148, 0.14620423], [0.46622372, 0.102135986], [0.46630824, 0.052606586], [0.46691656, -0.0018208344], [0.4690668, -0.053702142], [0.47059524, -0.105905145], [0.47216398, -0.15533018], [0.4738604, -0.19894278], [0.47579157, -0.23899847], [0.47773924, -0.27229494], [0.47907066, -0.29819685], [0.4807186, -0.32100242], [0.48217317, -0.33914408], [0.48423672, -0.35244292], [0.4899349, -0.36208212], [0.4969351, -0.37193266], [0.4998976, -0.3780608], [0.5, -0.37828836]]
[0, 0, 0, 0, 0, 0, 0, 0, 0, 0, 0, 0, 0, 0, 0, 0, 0, 0, 0, 0, 0, 0, 0, 0, 0, 0, 0, 0, 0, 0, 0, 0, 0, 0, 0, 0, 0, 0, 0, 0, 0, 0, 0, 0, 0, 0, 0, 0, 0, 0, 0, 0]
ㄱ
[[-0.45726165, 0.41480738], [-0.45727837, 0.4144595], [-0.45163533, 0.41326126], [-0.43162757, 0.41558748], [-0.36840975, 0.42292872], [-0.27933526, 0.43641368], [-0.1870964, 0.45389086], [-0.08807845, 0.46960112], [0.007664822, 0.48441422], [0.08422403, 0.49542654], [0.1477952, 0.49968457], [0.19272874, 0.49667877], [0.22395381, 0.49743763], [0.26084486, 0.49538565], [0.29800713, 0.49023274], [0.3272256, 0.48429778], [0.35082787, 0.47587958], [0.36650854, 0.46820688], [0.38289365, 0.46318197], [0.39623487, 0.45889145], [0.40431437, 0.45456228], [0.41196772, 0.4528229], [0.41853395, 0.4477593], [0.41995156, 0.4421546], [0.42078647, 0.43539026], [0.4210387, 0.42474127], [0.42070818, 0.41167647], [0.41815996, 0.3964084], [0.41330704, 0.37395087], [0.41025415, 0.34709796], [0.40938994, 0.31031516], [0.40849346, 0.268058], [0.4096848, 0.21986626], [0.4131247, 0.16557063], [0.41690105, 0.107476726], [0.42187387, 0.047946133], [0.4266121, -0.014439553], [0.43082133, -0.07779288], [0.43484923, -0.14175467], [0.4379127, -0.20916453], [0.43877533, -0.27261874], [0.4356111, -0.32918927], [0.43300268, -0.3751703], [0.43307534, -0.41193777], [0.43343186, -0.44353393], [0.43416244, -0.4675892], [0.4368237, -0.4852151], [0.44594684, -0.49567083], [0.45662674, -0.49965212], [0.45811394, -0.5]]
[0, 0, 0, 0, 0, 0, 0, 0, 0, 0, 0, 0, 0, 0, 0, 0, 0, 0, 0, 0, 0, 0, 0, 0, 0, 0, 0, 0, 0, 0, 0, 0, 0, 0, 0, 0, 0, 0, 0, 0, 0, 0, 0, 0, 0, 0, 0, 0, 0, 0, 0, 0, 0, 0, 0, 0, 0, 0, 0]
ㄱ
[[-0.5, 0.39292848], [-0.49576738, 0.39505714], [-0.49036205, 0.39646426], [-0.48456806, 0.39700544], [-0.46166298, 0.4013133], [-0.40263033, 0.41096228], [-0.31706315, 0.41924107], [-0.21872367, 0.4362314], [-0.107994065, 0.44903374], [-0.003616348, 0.4647346], [0.08848489, 0.4815439], [0.17299823, 0.49095225], [0.24569176, 0.49210644], [0.30280653, 0.48796514], [0.34222028, 0.48176318], [0.3769336, 0.47794703], [0.40600082, 0.47008443], [0.42480475, 0.46676445], [0.43867812, 0.4639142], [0.4482084, 0.45810544], [0.45285988, 0.45171946], [0.45539266, 0.44558597], [0.45605022, 0.4402643], [0.45529526, 0.4331026], [0.45398018, 0.4237942], [0.45306286, 0.41394457], [0.45269755, 0.40009022], [0.45105773, 0.3808059], [0.4488578, 0.35529792], [0.44570407, 0.3240406], [0.44331014, 0.28386572], [0.44331896, 0.23401695], [0.4452293, 0.17346774], [0.44698894, 0.10921647], [0.45192504, 0.043267213], [0.456661, -0.026487827], [0.46049938, -0.09462044], [0.46433097, -0.1598447], [0.4663785, -0.22292134], [0.4658557, -0.2770319], [0.46367952, -0.32535526], [0.46340492, -0.37209576], [0.46371463, -0.41006926], [0.46516523, -0.44098753], [0.4674054, -0.46733075], [0.47057295, -0.48291057], [0.47661263, -0.4914974], [0.4873362, -0.49366215], [0.49837643, -0.4929586], [0.5, -0.4927782]]
[0, 0, 0, 0, 0, 0, 0, 0, 0, 0, 0, 0, 0, 0, 0, 0, 0, 0, 0, 0, 0, 0, 0, 0, 0, 0, 0, 0, 0, 0, 0, 0, 0, 0, 0, 0, 0, 0, 0, 0, 0, 0, 0, 0, 0, 0, 0, 0, 0, 0, 0, 0, 0, 0, 0, 0, 0, 0, 0, 0]
