ㄴ
[[-0.49287894, 0.35420763], [-0.49001727, 0.3544766], [-0.4892146, 0.35420763], [-0.48962024, 0.35102254], [-0.49203756, 0.3415908], [-0.49495506, 0.3280025], [-0.4988166, 0.29787728], [-0.49883434, 0.25842574], [-0.49470213, 0.2119871], [-0.4882068, 0.15718806], [-0.48256624, 0.09623008], [-0.4791196, 0.040483583], [-0.4778165, -0.011966499], [-0.47761953, -0.070318066], [-0.4772886, -0.12680675], [-0.47749013, -0.17471394], [-0.4788019, -0.2144218], [-0.48039335, -0.25257015], [-0.4802353, -0.2857769], [-0.4782503, -0.3113228], [-0.47759876, -0.3301475], [-0.4766749, -0.34304243], [-0.47281334, -0.3499628], [-0.4663255, -0.353769], [-0.45472002, -0.3539997], [-0.43566135, -0.35337687], [-0.41213903, -0.35190052], [-0.3844022, -0.34855565], [-0.35176572, -0.3438498], [-0.31433302, -0.33773416], [-0.26888126, -0.33242124], [-0.21619548, -0.3267861], [-0.16416602, -0.32055715], [-0.10813425, -0.31571403], [-0.04400429, -0.31214553], [0.020726684, -0.31031188], [0.085773155, -0.3070303], [0.1443804, -0.30900818], [0.20186704, -0.31192696], [0.27152985, -0.3185985], [0.33276272, -0.32368946], [0.37942734, -0.32647562], [0.41297215, -0.33004063], [0.44231302, -0.3328078], [0.4667511, -0.3341613], [0.48361948, -0.33349234], [0.4944568, -0.33303097], [0.49937716, -0.33213133], [0.5, -0.33088565], [0.5, -0.3307703]]
[0, 0, 0, 0, 0, 0, 0, 0, 0, 0, 0, 0, 0, 0, 0, 0, 0, 0, 0, 0, 0, 0, 0, 0, 0, 0, 0, 0, 0, 0, 0, 0, 0, 0, 0, 0, 0, 0, 0, 0, 0, 0, 0, 0, 0, 0, 0, 0, 0, 0, 0, 0, 0, 0, 0]
ㄴ
[[-0.44166666, 0.49382716], [-0.445225, 0.48585665], [-0.4470994, 0.48047367], [-0.45004725, 0.47136137], [-0.45357877, 0.45441273], [-0.45877954, 0.40855652], [-0.4632831, 0.34659058], [-0.46658236, 0.2940416], [-0.468313, 0.23769242], [-0.47384, 0.17935184], [-0.47934458, 0.11259925], [-0.4799056, 0.038191114], [-0.48838717, -0.042287286], [-0.4960197, -0.12523642], [-0.49957147, -0.19773659], [-0.49999774, -0.25982845], [-0.49569738, -0.31513235], [-0.49511513, -0.3615385], [-0.4882866, -0.39686394], [-0.4796819, -0.42525142], [-0.47099417, -0.4475302], [-0.4616402, -0.46472663], [-0.45425168, -0.4771353], [-0.4488473, -0.48544973], [-0.44083524, -0.49164358], [-0.42511338, -0.49328128], [-0.40140778, -0.49036282], [-0.37139997, -0.4832586], [-0.33023283, -0.46979892], [-0.27466, -0.4516157], [-0.21661599, -0.43647015], [-0.15176386, -0.418743], [-0.08311468, -0.40418682], [-0.01499193, -0.39073485], [0.05547614, -0.37382355], [0.111785404, -0.36312106], [0.16995218, -0.35414544], [0.22105677, -0.35149136], [0.26071796, -0.3500578], [0.30089882, -0.35198095], [0.34007818, -0.35835567], [0.3749118, -0.366201], [0.4040074, -0.37503895], [0.42945954, -0.3825061], [0.4504913, -0.388343], [0.46790436, -0.39380196], [0.48234126, -0.3984211], [0.4940665, -0.40278828], [0.49971655, -0.40522382], [0.5, -0.4053498]]
[0, 0, 0, 0, 0, 0, 0, 0, 0, 0, 0, 0, 0, 0, 0, 0, 0, 0, 0, 0, 0, 0, 0, 0, 0, 0, 0, 0, 0, 0, 0, 0, 0, 0, 0, 0, 0, 0, 0, 0, 0, 0, 0, 0, 0, 0, 0, 0, 0, 0, 0, 0, 0]
ㄴ
[[-0.350011, 0.5], [-0.35004383, 0.49149704], [-0.35054445, 0.48721525], [-0.35131592, 0.47882584], [-0.35161957, 0.46283647], [-0.35137606, 0.42592245], [-0.35061884, 0.37937683], [-0.3490922, 0.3374552], [-0.34737572, 0.2846704], [-0.3491206, 0.21842001], [-0.35389444, 0.14803568], [-0.36055177, 0.067132495], [-0.36672968, -0.007316269], [-0.37769744, -0.080671914], [-0.3857846, -0.15171202], [-0.39498276, -0.2182134], [-0.40157458, -0.27589008], [-0.40381593, -0.32317993], [-0.40489477, -0.3685406], [-0.40526363, -0.40318012], [-0.40446058, -0.42760494], [-0.40460268, -0.44700038], [-0.40118185, -0.46525687], [-0.39427975, -0.48048547], [-0.38842812, -0.4898415], [-0.38220719, -0.49567765], [-0.3717104, -0.49921578], [-0.35653555, -0.4992705], [-0.33622313, -0.4946381], [-0.3068552, -0.4866126], [-0.2589915, -0.47250974], [-0.19512095, -0.4530693], [-0.12552936, -0.43318915], [-0.054517236, -0.41237584], [0.019033283, -0.3924882], [0.08906218, -0.37770203], [0.14957333, -0.3641619], [0.204357, -0.35264114], [0.24781346, -0.35040936], [0.2837257, -0.3466956], [0.3113798, -0.34795374], [0.33222654, -0.3483493], [0.35098478, -0.35088727], [0.36735785, -0.35617626], [0.37996385, -0.36144698], [0.39040318, -0.36507633], [0.4002352, -0.36527696], [0.40509382, -0.3650581], [0.40598837, -0.3666995], [0.40602118, -0.3668454]]
[0, 0, 0, 0, 0, 0, 0, 0, 0, 0, 0, 0, 0, 0, 0, 0, 0, 0, 0, 0, 0, 0, 0, 0, 0, 0, 0, 0, 0, 0, 0, 0, 0, 0, 0, 0, 0, 0, 0, 0, 0, 0, 0, 0, 0, 0, 0, 0, 0, 0, 0, 0, 0, 0]
ㄴ
[[-0.4975329, 0.41849416], [-0.4990373, 0.41538817], [-0.4995676, 0.41222963], [-0.49997482, 0.40609336], [-0.5, 0.39731026], [-0.49926156, 0.3858978], [-0.49486208, 0.34912336], [-0.48445487, 0.27989894], [-0.47593278, 0.21574584], [-0.46588176, 0.14571962], [-0.45670965, 0.07412876], [-0.44847628, -2.849102E-4], [-0.44410717, -0.06590174], [-0.44087276, -0.12726046], [-0.4364873, -0.18167034], [-0.4294823, -0.2306003], [-0.4229393, -0.2703673], [-0.41769662, -0.30306235], [-0.41156465, -0.3330501], [-0.40533027, -0.3580699], [-0.3990823, -0.37689337], [-0.39074248, -0.39108187], [-0.37903634, -0.4021027], [-0.3639987, -0.4100094], [-0.34496677, -0.41487646], [-0.32110113, -0.41756177], [-0.29316553, -0.41802996], [-0.2616141, -0.41517377], [-0.22326213, -0.40830147], [-0.17576274, -0.39674982], [-0.12507723, -0.3818649], [-0.07419096, -0.36701557], [-0.018316785, -0.34954435], [0.039594706, -0.32985142], [0.09662452, -0.31548068], [0.14910227, -0.30374724], [0.19969706, -0.29832983], [0.24994795, -0.29474083], [0.29852635, -0.29718465], [0.34155518, -0.30290404], [0.37698177, -0.3101224], [0.40452966, -0.3142046], [0.4295595, -0.31960025], [0.45301986, -0.32625538], [0.46959752, -0.33124104], [0.4815471, -0.33534357], [0.49179313, -0.33534357], [0.4984224, -0.33545545], [0.5, -0.3380848], [0.5, -0.3380848]]
[0, 0, 0, 0, 0, 0, 0, 0, 0, 0, 0, 0, 0, 0, 0, 0, 0, 0, 0, 0, 0, 0, 0, 0, 0, 0, 0, 0, 0, 0, 0, 0, 0, 0, 0, 0, 0, 0, 0, 0, 0, 0, 0, 0, 0, 0, 0, 0, 0]
ㄴ
[[-0.48669532, 0.49682802], [-0.48807842, 0.48842728], [-0.488717, 0.48407838], [-0.48959073, 0.47477108], [-0.49062032, 0.4461175], [-0.4900052, 0.3967669], [-0.48931274, 0.345562], [-0.48888257, 0.2826942], [-0.48696962, 0.21193652], [-0.48861262, 0.14112374], [-0.49185795, 0.06611957], [-0.4947701, -0.0022391696], [-0.4975993, -0.06662846], [-0.49962148, -0.12820219], [-0.49956152, -0.18897364], [-0.49732924, -0.24527417], [-0.49762222, -0.29895872], [-0.49791393, -0.34635028], [-0.49426335, -0.38546342], [-0.49464586, -0.4179538], [-0.49398318, -0.4447267], [-0.49058974, -0.46674716], [-0.48598456, -0.48233637], [-0.4811098, -0.491128], [-0.4743017, -0.4950168], [-0.46166036, -0.49681026], [-0.4423187, -0.49584767], [-0.41226995, -0.49372232], [-0.3706153, -0.48850784], [-0.32356986, -0.47837594], [-0.27163506, -0.4678388], [-0.21365213, -0.4564668], [-0.15522954, -0.44448307], [-0.093078874, -0.4312188], [-0.02720694, -0.4187444], [0.041233465, -0.40891793], [0.10897035, -0.39886916], [0.1722533, -0.39507762], [0.22836931, -0.39778703], [0.27869487, -0.40036768], [0.32610673, -0.40110153], [0.36606866, -0.40214807], [0.3989479, -0.4045782], [0.42969292, -0.41054627], [0.45362985, -0.4144656], [0.47281837, -0.41649458], [0.4877501, -0.42059648], [0.4969794, -0.42272732], [0.499904, -0.4220348], [0.4999999, -0.42199928]]
[0, 0, 0, 0, 0, 0, 0, 0, 0, 0, 0, 0, 0, 0, 0, 0, 0, 0, 0, 0, 0, 0, 0, 0, 0, 0, 0, 0, 0, 0, 0, 0, 0, 0, 0, 0, 0, 0, 0, 0, 0, 0, 0, 0, 0, 0, 0, 0, 0, 0, 0, 0]
