ㄷ
[[-0.4296476, 0.440744], [-0.41880608, 0.4422733], [-0.4088535, 0.4424132], [-0.3902193, 0.443545], [-0.31815705, 0.4498547], [-0.22623819, 0.45823467], [-0.13380404, 0.46079123], [-0.032946754, 0.47119227], [0.07131534, 0.4756749], [0.16338828, 0.48509657], [0.24316697, 0.48969603], [0.303876, 0.4957131], [0.3375963, 0.49689993], [0.353469, 0.49725685], [0.36483562, 0.49988076], [0.37011653, 0.49746215], [0.3669664, 0.49436224], [0.16218333, 0.4577765], [-0.46881416, 0.34471408], [-0.46945557, 0.34393594], [-0.47007844, 0.33290187], [-0.4692712, 0.31370744], [-0.46501663, 0.26062182], [-0.4558094, 0.18577127], [-0.44465145, 0.09902576], [-0.4354448, 0.003547594], [-0.4321124, -0.09051907], [-0.42493844, -0.18256715], [-0.41864464, -0.26898283], [-0.40582675, -0.34696674], [-0.39382496, -0.4040256], [-0.37655202, -0.4372383], [-0.35211197, -0.46395248], [-0.32806084, -0.48187113], [-0.29854423, -0.49394214], [-0.25565106, -0.49962303], [-0.19227292, -0.49797338], [-0.12872018, -0.48729742], [-0.05690473, -0.4746642], [0.020598454, -0.45858535], [0.09918072, -0.4437555], [0.17538707, -0.4283016], [0.24564484, -0.41444978], [0.30982432, -0.4079592], [0.36061275, -0.40390974], [0.39657447, -0.4023666], [0.4270816, -0.40386334], [0.44970587, -0.41002813], [0.46703556, -0.4187147], [0.47020873, -0.42055422]]
[0, 0, 0, 0, 0, 0, 0, 0, 0, 0, 0, 0, 0, 0, 0, 0, 0, 0, 0, 0, 0, 0, 0, 0, 1, 1, 1, 1, 1, 1, 1, 1, 1, 1, 1, 1, 1, 1, 1, 1, 1, 1, 1, 1, 1, 1, 1, 1, 1, 1, 1, 1, 1, 1, 1, 1, 1, 1, 1, 1, 1, 1, 1, 1, 1, 1, 1, 1]
ㄷ
[[-0.5, 0.37783945], [-0.49075145, 0.3796191], [-0.47893724, 0.38138202], [-0.4573277, 0.38357255], [-0.41257858, 0.38761932], [-0.267609, 0.39793366], [-0.102636404, 0.4071509], [0.038662013, 0.41539082], [0.15691787, 0.41974044], [0.24626182, 0.42352945], [0.31574646, 0.426461], [0.36988053, 0.425383], [0.40618023, 0.42080355], [0.42650932, 0.41729826], [0.4381132, 0.41725245], [0.44345012, 0.41477093], [0.44418946, 0.41004756], [0.25947556, 0.38471907], [-0.46075472, 0.2872734], [-0.46190527, 0.27841532], [-0.46231315, 0.26980823], [-0.46238664, 0.23576066], [-0.45939624, 0.1785249], [-0.45422268, 0.11232316], [-0.4494078, 0.03710576], [-0.44203928, -0.044952642], [-0.43675876, -0.12558925], [-0.42193654, -0.1941933], [-0.41446728, -0.2514905], [-0.39714664, -0.2979983], [-0.37952006, -0.34325522], [-0.36193496, -0.37654766], [-0.34599882, -0.39801764], [-0.32482868, -0.41362077], [-0.29876778, -0.4213562], [-0.26191315, -0.42572275], [-0.1988199, -0.42568156], [-0.12767437, -0.41697693], [-0.051173385, -0.40897098], [0.021357965, -0.3992757], [0.09911108, -0.39413163], [0.17405108, -0.38848752], [0.24640657, -0.3812525], [0.31353742, -0.3766345], [0.37430784, -0.37369084], [0.4217222, -0.37187287], [0.45621887, -0.37323007], [0.4804176, -0.37794298], [0.49722758, -0.38540018], [0.5, -0.38694042]]
[0, 0, 0, 0, 0, 0, 0, 0, 0, 0, 0, 0, 0, 0, 0, 0, 0, 0, 0, 0, 0, 0, 0, 1, 1, 1, 1, 1, 1, 1, 1, 1, 1, 1, 1, 1, 1, 1, 1, 1, 1, 1, 1, 1, 1, 1, 1, 1, 1, 1, 1, 1, 1, 1, 1, 1, 1, 1, 1, 1, 1, 1, 1, 1, 1]
ㄷ
[[-0.5, 0.37537217], [-0.49371144, 0.38243046], [-0.4843771, 0.38630247], [-0.46661997, 0.3923234], [-0.44262707, 0.39888158], [-0.35721153, 0.41548452], [-0.19316527, 0.4398124], [-0.0687313, 0.45204768], [0.04577646, 0.45864734], [0.142447, 0.46520552], [0.23050366, 0.46809408], [0.2992862, 0.4724191], [0.3434097, 0.47577798], [0.3689097, 0.4762588], [0.38727614, 0.47378868], [0.39985996, 0.4687058], [0.40522876, 0.46614924], [0.02826187, 0.38689542], [-0.39787582, 0.29730392], [-0.39993164, 0.28837785], [-0.4009216, 0.27856493], [-0.4036092, 0.23488861], [-0.4047785, 0.16296166], [-0.40779263, 0.086983435], [-0.40712982, 0.005462032], [-0.40582117, -0.08659707], [-0.410908, -0.16919856], [-0.41136038, -0.24734432], [-0.40598506, -0.3152778], [-0.3959073, -0.3650262], [-0.38081798, -0.39964333], [-0.3628953, -0.43166876], [-0.34329003, -0.45206717], [-0.31786042, -0.46396357], [-0.2850654, -0.4713417], [-0.23072982, -0.47636953], [-0.15408641, -0.47269148], [-0.07349615, -0.46491724], [0.010076411, -0.454824], [0.0929174, -0.44389814], [0.16978338, -0.43564853], [0.23790005, -0.42992547], [0.29639438, -0.42332765], [0.34113342, -0.42052367], [0.38426298, -0.41852573], [0.42520145, -0.41985378], [0.45401403, -0.4236671], [0.4810257, -0.4326362], [0.4979992, -0.443585], [0.5, -0.44525236]]
[0, 0, 0, 0, 0, 0, 0, 0, 0, 0, 0, 0, 0, 0, 0, 0, 0, 0, 0, 0, 0, 1, 1, 1, 1, 1, 1, 1, 1, 1, 1, 1, 1, 1, 1, 1, 1, 1, 1, 1, 1, 1, 1, 1, 1, 1, 1, 1, 1, 1, 1, 1, 1, 1, 1, 1, 1, 1, 1, 1]
ㄷ
[[-0.44530916, 0.40524134], [-0.43467584, 0.408643], [-0.42330793, 0.41109645], [-0.40239334, 0.414024], [-0.37395114, 0.41697675], [-0.27445796, 0.4228212], [-0.10498404, 0.43417478], [0.01758074, 0.43993095], [0.12666513, 0.44292563], [0.22617245, 0.44682306], [0.30079222, 0.45053], [0.35360882, 0.4483048], [0.37839112, 0.44594565], [0.38999584, 0.4425882], [0.397206, 0.4332598], [0.3986127, 0.42793396], [0.16852227, 0.4090124], [-0.46967724, 0.35661432], [-0.4728033, 0.35770595], [-0.47503614, 0.35026613], [-0.47610357, 0.33164287], [-0.4774265, 0.29232758], [-0.47882786, 0.2358324], [-0.4829127, 0.15809444], [-0.48655832, 0.072836354], [-0.4932576, -0.019293379], [-0.4989574, -0.10132411], [-0.49853376, -0.172573], [-0.49146596, -0.23110096], [-0.4752298, -0.27966583], [-0.452411, -0.3164909], [-0.43334526, -0.3456225], [-0.41138712, -0.37154976], [-0.38241342, -0.39574823], [-0.33492848, -0.4201806], [-0.27274987, -0.43900698], [-0.20354837, -0.44718254], [-0.123392075, -0.4505723], [-0.037916534, -0.44574735], [0.049897395, -0.43795642], [0.14120646, -0.42614898], [0.22890857, -0.4119112], [0.3025605, -0.39814177], [0.36637127, -0.3876622], [0.4183076, -0.3796098], [0.45366862, -0.37496606], [0.4757028, -0.3747261], [0.4913737, -0.3781002], [0.49918133, -0.38331023], [0.50000006, -0.3841372]]
[0, 0, 0, 0, 0, 0, 0, 0, 0, 0, 0, 0, 0, 0, 0, 0, 0, 0, 0, 0, 1, 1, 1, 1, 1, 1, 1, 1, 1, 1, 1, 1, 1, 1, 1, 1, 1, 1, 1, 1, 1, 1, 1, 1, 1, 1, 1, 1, 1, 1, 1, 1, 1, 1, 1, 1, 1, 1, 1, 1]
ㄷ
[[-0.49478778, 0.41559872], [-0.49230388, 0.41709232], [-0.48869422, 0.41769236], [-0.48096707, 0.4193977], [-0.46823218, 0.42050105], [-0.4159655, 0.41780725], [-0.3357129, 0.41114035], [-0.25724608, 0.40617892], [-0.15997341, 0.40198922], [-0.057642575, 0.39970747], [0.04093434, 0.40177074], [0.13386767, 0.40988198], [0.21108335, 0.41840288], [0.28359324, 0.42456368], [0.32759196, 0.4296217], [0.35161212, 0.43212762], [0.37095597, 0.42905557], [0.37714073, 0.4271814], [-0.30309138, 0.39766747], [-0.499225, 0.38279083], [-0.4981689, 0.3766633], [-0.4961466, 0.3525676], [-0.49013388, 0.28769824], [-0.4788418, 0.21392357], [-0.4654221, 0.13318528], [-0.45598176, 0.042205196], [-0.44772184, -0.05113121], [-0.43890712, -0.13237709], [-0.4322934, -0.20082262], [-0.42211786, -0.26594383], [-0.41077897, -0.31699604], [-0.39747187, -0.35146296], [-0.3822781, -0.37874553], [-0.3651081, -0.39967188], [-0.34464347, -0.41525382], [-0.31266847, -0.4271567], [-0.26922333, -0.43205675], [-0.20695058, -0.42813542], [-0.12936829, -0.42090768], [-0.05197107, -0.40952796], [0.029545076, -0.40012878], [0.10769597, -0.3882293], [0.18748535, -0.3759034], [0.26425844, -0.36475223], [0.33055073, -0.3544065], [0.3992278, -0.34909672], [0.4509738, -0.347246], [0.4827734, -0.3491892], [0.49800265, -0.3531889], [0.5, -0.35382298]]
[0, 0, 0, 0, 0, 0, 0, 0, 0, 0, 0, 0, 0, 0, 0, 0, 0, 0, 0, 0, 0, 0, 0, 1, 1, 1, 1, 1, 1, 1, 1, 1, 1, 1, 1, 1, 1, 1, 1, 1, 1, 1, 1, 1, 1, 1, 1, 1, 1, 1, 1, 1, 1, 1, 1, 1, 1, 1, 1, 1, 1, 1, 1]
