ㄹ
[[-0.36664543, 0.38117424], [-0.3623586, 0.38576773], [-0.32916507, 0.39535618], [-0.23657027, 0.41730815], [-0.11499938, 0.44434178], [0.019995347, 0.4744776], [0.14532429, 0.49369973], [0.24783707, 0.49732342], [0.30650085, 0.48260057], [0.33680692, 0.46227542], [0.3648972, 0.42640105], [0.39235085, 0.3632539], [0.3966832, 0.29014635], [0.38585523, 0.21817027], [0.37148526, 0.15601616], [0.36143696, 0.10867814], [0.35361737, 0.07855539], [0.34919673, 0.05906433], [0.34847108, 0.05120798], [-0.29220653, -0.056456506], [-0.2848795, -0.052562777], [-0.2664365, -0.0466802], [-0.18471098, -0.032722607], [-0.036053084, -0.011468584], [0.07119243, -0.0017852818], [0.15967, 0.005502659], [0.23198533, 0.011456512], [0.26627228, 0.010790378], [0.28288418, 0.011835982], [0.28569388, 0.008984998], [0.28134, 0.004431156], [-0.39653048, -0.08213048], [-0.393935, -0.0844532], [-0.3922927, -0.09177997], [-0.38821858, -0.12650526], [-0.37890938, -0.20693253], [-0.36895716, -0.30206007], [-0.34271705, -0.39881498], [-0.30978295, -0.4539519], [-0.27596408, -0.4808431], [-0.21835294, -0.49677187], [-0.14888062, -0.49776703], [-0.05780281, -0.48885486], [0.03745103, -0.47609454], [0.12284713, -0.46335617], [0.19627607, -0.45081568], [0.24661306, -0.44570607], [0.28331986, -0.44458422], [0.30828187, -0.44963688], [0.31376773, -0.45195892]]
[0, 0, 0, 0, 0, 0, 0, 0, 0, 0, 0, 0, 0, 0, 0, 0, 0, 0, 0, 0, 0, 0, 0, 0, 0, 0, 0, 0, 0, 0, 0, 0, 0, 0, 0, 0, 1, 1, 1, 1, 1, 1, 1, 1, 1, 1, 1, 1, 1, 1, 1, 1, 1, 1, 1, 1, 1, 1, 1, 2, 2, 2, 2, 2, 2, 2, 2, 2, 2, 2, 2, 2, 2, 2, 2, 2, 2, 2, 2, 2, 2, 2, 2, 2, 2, 2, 2, 2, 2, 2, 2, 2, 2, 2, 2]
ㄹ
[[-0.3550593, 0.392174], [-0.35400486, 0.39839298], [-0.3503352, 0.40265802], [-0.31172863, 0.4169597], [-0.22236933, 0.43972307], [-0.105979495, 0.4621825], [0.021194056, 0.48097652], [0.12889384, 0.49379325], [0.21518669, 0.49504825], [0.2730066, 0.4807749], [0.30090314, 0.4585294], [0.32245573, 0.41412005], [0.32914427, 0.35523477], [0.3222695, 0.27096027], [0.3098884, 0.1831972], [0.30186322, 0.104777515], [0.29874218, 0.04964559], [0.29852664, 0.018227328], [0.2975735, -0.003249496], [0.2957165, -0.01240907], [0.29234752, -0.016340584], [-0.33117437, -0.057965938], [-0.32323915, -0.054038465], [-0.30237916, -0.04879646], [-0.22635278, -0.03685699], [-0.06639548, -0.018054562], [0.03756917, -0.016164644], [0.1185292, -0.01526402], [0.1773892, -0.013370979], [0.22168022, -0.014543586], [0.25601667, -0.017804423], [0.27604848, -0.019073123], [0.059492692, -0.031258058], [-0.28506377, -0.05612942], [-0.28551486, -0.06436135], [-0.28366834, -0.09992447], [-0.27892223, -0.16305934], [-0.27089447, -0.2513592], [-0.2633853, -0.34283596], [-0.24534032, -0.4114208], [-0.21271396, -0.45475867], [-0.16040646, -0.4849181], [-0.083107024, -0.49840286], [0.008266022, -0.49801248], [0.100822896, -0.48690194], [0.19279966, -0.47372776], [0.2727601, -0.45743436], [0.32711223, -0.4508117], [0.35054225, -0.45166475], [0.3550593, -0.45354682]]
[0, 0, 0, 0, 0, 0, 0, 0, 0, 0, 0, 0, 0, 0, 0, 0, 0, 0, 0, 0, 0, 0, 0, 0, 0, 0, 0, 0, 0, 0, 0, 0, 0, 0, 0, 0, 0, 0, 0, 0, 1, 1, 1, 1, 1, 1, 1, 1, 1, 1, 1, 1, 1, 1, 1, 1, 1, 1, 1, 1, 1, 1, 2, 2, 2, 2, 2, 2, 2, 2, 2, 2, 2, 2, 2, 2, 2, 2, 2, 2, 2, 2, 2, 2, 2, 2, 2, 2, 2, 2, 2, 2, 2, 2, 2]
ㄹ
[[-0.45656508, 0.3702823], [-0.44809029, 0.37907076], [-0.42711517, 0.3873562], [-0.2892855, 0.42302957], [-0.10995348, 0.46342897], [0.04259239, 0.48752996], [0.17007643, 0.49951866], [0.27865323, 0.49906358], [0.36372727, 0.48335907], [0.4067934, 0.4550298], [0.43050104, 0.4163616], [0.444185, 0.35769826], [0.44332704, 0.2690947], [0.43015474, 0.17374213], [0.41683194, 0.082580775], [0.4070228, 0.01046115], [0.40490553, -0.04016237], [0.4042029, -0.07009145], [0.40409598, -0.08808181], [0.39490053, -0.09488761], [-0.06113088, -0.08901526], [-0.415702, -0.07501063], [-0.37668017, -0.06775397], [-0.19043997, -0.043510832], [-0.016837988, -0.023399288], [0.13366787, -0.006207986], [0.26494864, 7.8131445E-5], [0.370898, 0.007134921], [0.41726804, 0.0050631776], [0.43517265, -0.001660139], [0.43364516, -0.011130546], [0.2528743, -0.02309588], [-0.43860996, -0.059364103], [-0.43824694, -0.06787608], [-0.43539572, -0.10824157], [-0.42891294, -0.1910771], [-0.42035156, -0.29249638], [-0.4082235, -0.38481784], [-0.3806901, -0.44537354], [-0.34511602, -0.47954094], [-0.28643534, -0.49936026], [-0.17704758, -0.49799815], [-0.05814975, -0.48731157], [0.059379265, -0.46742642], [0.17465161, -0.45134985], [0.272534, -0.43243507], [0.3590035, -0.4231458], [0.41426814, -0.42332953], [0.44901168, -0.42382288], [0.45656508, -0.42309308]]
[0, 0, 0, 0, 0, 0, 0, 0, 0, 0, 0, 0, 0, 0, 0, 0, 0, 0, 0, 0, 0, 0, 0, 0, 0, 0, 0, 0, 0, 0, 0, 0, 0, 0, 0, 0, 0, 0, 1, 1, 1, 1, 1, 1, 1, 1, 1, 1, 1, 1, 1, 1, 1, 1, 1, 1, 1, 1, 1, 2, 2, 2, 2, 2, 2, 2, 2, 2, 2, 2, 2, 2, 2, 2, 2, 2, 2, 2, 2, 2, 2, 2, 2, 2, 2, 2, 2, 2, 2, 2, 2, 2, 2]
ㄹ
[[-0.47003973, 0.38107088], [-0.47123677, 0.38425282], [-0.4384054, 0.39271936], [-0.31259686, 0.4109295], [-0.16334471, 0.43168437], [0.012322825, 0.46240354], [0.16518167, 0.48393157], [0.2894407, 0.4991388], [0.3618635, 0.48667505], [0.39171574, 0.4632474], [0.41289276, 0.428416], [0.42281654, 0.3741485], [0.42192483, 0.29822257], [0.41698334, 0.21923967], [0.41218746, 0.14632937], [0.40974513, 0.09052109], [0.40835488, 0.04816741], [0.4097796, 0.015614163], [0.4119586, 0.003910718], [-0.4381991, -0.09192506], [-0.4202313, -0.08677815], [-0.37738577, -0.078689136], [-0.19742578, -0.057780657], [-0.026916485, -0.047325153], [0.1270222, -0.036356714], [0.27113175, -0.020085135], [0.39644969, -0.012302184], [0.4627514, -0.012873775], [0.47769114, -0.018392086], [0.4785525, -0.03128176], [0.4634317, -0.039369956], [-0.48395136, -0.0774456], [-0.48302868, -0.08351798], [-0.48263735, -0.101574], [-0.47604212, -0.17969579], [-0.46046755, -0.2848997], [-0.4397695, -0.3878684], [-0.41818437, -0.4540199], [-0.39526516, -0.4878384], [-0.3670935, -0.49952683], [-0.30615437, -0.49421427], [-0.19880402, -0.46833855], [-0.07675773, -0.4436159], [0.055325456, -0.41219357], [0.18112132, -0.38820496], [0.29126352, -0.3738173], [0.3723726, -0.36587265], [0.42006174, -0.36552075], [0.45789984, -0.3746817], [0.46969193, -0.38097814]]
[0, 0, 0, 0, 0, 0, 0, 0, 0, 0, 0, 0, 0, 0, 0, 0, 0, 0, 0, 0, 0, 0, 0, 0, 0, 0, 0, 0, 0, 0, 0, 0, 0, 0, 0, 0, 0, 0, 1, 1, 1, 1, 1, 1, 1, 1, 1, 1, 1, 1, 1, 1, 1, 1, 1, 1, 1, 1, 1, 1, 1, 1, 2, 2, 2, 2, 2, 2, 2, 2, 2, 2, 2, 2, 2, 2, 2, 2, 2, 2, 2, 2, 2, 2, 2, 2, 2, 2, 2, 2, 2, 2, 2, 2, 2, 2, 2, 2, 2, 2]
ㄹ
[[-0.43618542, 0.35809427], [-0.42494997, 0.36633188], [-0.40158027, 0.3757033], [-0.26541278, 0.4175869], [-0.098442554, 0.46257278], [0.046501163, 0.48873606], [0.15752769, 0.49897477], [0.24017447, 0.48254368], [0.29206395, 0.45623603], [0.31976303, 0.41905764], [0.33986083, 0.35719916], [0.34646565, 0.2864118], [0.34719667, 0.21410814], [0.34691736, 0.1553193], [0.34863576, 0.11080321], [0.35165206, 0.082022876], [0.3555145, 0.061396305], [0.35937697, 0.047797263], [0.36166427, 0.043975048], [-0.3460348, 0.0013708016], [-0.34134415, 0.0032986088], [-0.32740313, 0.0057662823], [-0.24641222, 0.015557996], [-0.099692754, 0.030170273], [0.029848743, 0.0388278], [0.14259303, 0.041344825], [0.2476201, 0.04603127], [0.3128461, 0.05136741], [0.33370468, 0.049992338], [0.34156746, 0.047327872], [0.34451255, 0.045289356], [-0.2994426, -0.03430263], [-0.2992917, -0.039201777], [-0.29927963, -0.050990283], [-0.29945883, -0.12197751], [-0.29855832, -0.20284477], [-0.29768735, -0.28925437], [-0.29350874, -0.37809956], [-0.28699002, -0.4384489], [-0.27677903, -0.4727735], [-0.24901032, -0.49281245], [-0.17847744, -0.49994528], [-0.0917505, -0.49532402], [0.012738783, -0.48260072], [0.12262768, -0.46648896], [0.23862399, -0.45040312], [0.33377668, -0.43698302], [0.4069861, -0.43502325], [0.43364647, -0.43797246], [0.43618542, -0.43837538]]
[0, 0, 0, 0, 0, 0, 0, 0, 0, 0, 0, 0, 0, 0, 0, 0, 0, 0, 0, 0, 0, 0, 0, 0, 0, 0, 0, 0, 0, 0, 0, 0, 0, 0, 0, 1, 1, 1, 1, 1, 1, 1, 1, 1, 1, 1, 1, 1, 1, 1, 1, 1, 1, 1, 1, 1, 1, 1, 2, 2, 2, 2, 2, 2, 2, 2, 2, 2, 2, 2, 2, 2, 2, 2, 2, 2, 2, 2, 2, 2, 2, 2, 2, 2, 2, 2, 2, 2, 2, 2, 2, 2, 2]
