ㅁ
[[-0.49906263, 0.40376365], [-0.49966884, 0.39300025], [-0.49958628, 0.3803584], [-0.49989036, 0.3339199], [-0.49039328, 0.21464509], [-0.4835793, 0.0948594], [-0.45612338, -0.037303515], [-0.44695505, -0.15264016], [-0.42795688, -0.23086213], [-0.41549894, -0.27377808], [-0.40913635, -0.29574737], [-0.40520045, -0.30961785], [-0.40483725, -0.3127148], [-0.4113239, -0.30440003], [-0.41841868, 0.27737188], [-0.41584998, 0.3803021], [-0.40939817, 0.38328642], [-0.3744128, 0.39515162], [-0.29511577, 0.4067426], [-0.18781936, 0.416529], [-0.06124868, 0.40940568], [0.06247098, 0.4077078], [0.18112513, 0.3970788], [0.277558, 0.37669075], [0.34896636, 0.35002092], [0.4012307, 0.31271783], [0.4333621, 0.26547682], [0.45736757, 0.2066541], [0.4707063, 0.12604341], [0.47713837, 0.046154026], [0.4808448, -0.026797306], [0.4847695, -0.09872814], [0.48900694, -0.15385795], [0.49009937, -0.19704819], [0.49256733, -0.22823441], [0.4940285, -0.24921842], [0.4980151, -0.25758952], [0.49999994, -0.26025474], [-0.29458556, -0.41646236], [-0.29270807, -0.41176462], [-0.28300983, -0.40748072], [-0.26436073, -0.40211272], [-0.15201129, -0.3907592], [-0.008547198, -0.3860909], [0.11366333, -0.39205313], [0.21591309, -0.39073694], [0.27826828, -0.39112872], [0.3084488, -0.3925086], [0.33927795, -0.39520562], [0.34687105, -0.3963693]]
[0, 0, 0, 0, 0, 0, 0, 0, 0, 0, 0, 0, 0, 0, 0, 0, 0, 0, 0, 0, 0, 0, 0, 1, 1, 1, 1, 1, 1, 1, 1, 1, 1, 1, 1, 1, 1, 1, 1, 1, 1, 1, 1, 1, 1, 1, 1, 1, 1, 1, 1, 1, 1, 1, 1, 1, 1, 1, 1, 1, 1, 1, 2, 2, 2, 2, 2, 2, 2, 2, 2, 2, 2, 2, 2, 2, 2, 2, 2, 2, 2]
ㅁ
[[-0.47855234, 0.481552], [-0.4818459, 0.481627], [-0.48178583, 0.4653635], [-0.47880676, 0.40878665], [-0.47433603, 0.2541925], [-0.47841093, 0.08719924], [-0.46258745, -0.06478416], [-0.4512875, -0.18536727], [-0.43822327, -0.27293414], [-0.43077573, -0.3160114], [-0.42028403, -0.33758786], [-0.41353428, -0.35183728], [-0.40730408, -0.3619663], [-0.40689668, -0.3463103], [-0.43993193, 0.46623588], [-0.42201516, 0.4783196], [-0.39419627, 0.48339248], [-0.25031587, 0.49825618], [-0.09760287, 0.49819788], [0.024296653, 0.48984647], [0.13928515, 0.4772261], [0.2389291, 0.45872757], [0.3165666, 0.439908], [0.37293985, 0.40574962], [0.4112528, 0.3744677], [0.43436664, 0.33127147], [0.45093754, 0.26570755], [0.45655042, 0.16875833], [0.4574763, 0.06518075], [0.460663, -0.04147003], [0.46275154, -0.1525372], [0.4655805, -0.2643208], [0.4740629, -0.35379562], [0.47790414, -0.41685292], [0.4798334, -0.45548123], [0.48202583, -0.4873246], [0.47646618, -0.4999434], [-0.0025964975, -0.4825713], [-0.23087803, -0.47227255], [-0.22352153, -0.47232914], [-0.20559101, -0.4731648], [-0.13521442, -0.47373694], [-0.015765779, -0.4681002], [0.11237734, -0.4602909], [0.2253921, -0.45166713], [0.30452427, -0.44390872], [0.34720245, -0.43893257], [0.38254118, -0.4381247], [0.38965094, -0.43835828], [0.388208, -0.4389996]]
[0, 0, 0, 0, 0, 0, 0, 0, 0, 0, 0, 0, 0, 0, 0, 0, 0, 0, 0, 0, 0, 0, 0, 1, 1, 1, 1, 1, 1, 1, 1, 1, 1, 1, 1, 1, 1, 1, 1, 1, 1, 1, 1, 1, 1, 1, 1, 1, 1, 1, 1, 1, 1, 1, 1, 1, 1, 1, 1, 1, 1, 1, 1, 2, 2, 2, 2, 2, 2, 2, 2, 2, 2, 2, 2, 2, 2, 2, 2, 2, 2, 2, 2, 2]
ㅁ
[[-0.43819773, 0.45193696], [-0.43752098, 0.44612157], [-0.43752098, 0.4347808], [-0.43963587, 0.37941074], [-0.44795442, 0.2071265], [-0.45524836, 0.02278236], [-0.4546557, -0.13624206], [-0.44272605, -0.26081267], [-0.43087304, -0.34164405], [-0.42183483, -0.3753262], [-0.41976023, -0.3929351], [-0.41047946, -0.38237655], [-0.4063913, -0.37518045], [-0.4135315, 0.3777872], [-0.4113602, 0.41696277], [-0.4015713, 0.4225505], [-0.3797916, 0.42980886], [-0.26933208, 0.45692527], [-0.12523668, 0.4850714], [0.0017907508, 0.4977792], [0.10580093, 0.49747384], [0.19489613, 0.48511833], [0.2598033, 0.4664912], [0.31446862, 0.43627468], [0.3471932, 0.40180093], [0.37071228, 0.35674083], [0.38477647, 0.28955257], [0.38869053, 0.19921051], [0.38464323, 0.09724756], [0.37340853, -0.009420738], [0.36731976, -0.11540887], [0.3644686, -0.2051472], [0.36623213, -0.27299955], [0.36786252, -0.31682166], [0.3693497, -0.3470755], [0.37049752, -0.366587], [0.36876428, -0.38138002], [0.3677906, -0.3857074], [-0.3200872, -0.499601], [-0.30653545, -0.49356705], [-0.28629193, -0.48838353], [-0.19320908, -0.4751033], [-0.021904752, -0.4592392], [0.11565637, -0.4578922], [0.22177237, -0.46208516], [0.30971742, -0.4660747], [0.38434485, -0.4728678], [0.43055296, -0.47561407], [0.45402095, -0.4831379], [0.457796, -0.4849615]]
[0, 0, 0, 0, 0, 0, 0, 0, 0, 0, 0, 0, 0, 0, 0, 0, 0, 0, 0, 0, 0, 1, 1, 1, 1, 1, 1, 1, 1, 1, 1, 1, 1, 1, 1, 1, 1, 1, 1, 1, 1, 1, 1, 1, 1, 1, 1, 1, 1, 1, 1, 1, 1, 1, 1, 1, 1, 1, 1, 1, 1, 2, 2, 2, 2, 2, 2, 2, 2, 2, 2, 2, 2, 2, 2, 2, 2, 2, 2, 2]
ㅁ
[[-0.46918824, 0.31507257], [-0.4699241, 0.3042719], [-0.46743253, 0.25761902], [-0.4578866, 0.1557614], [-0.45293304, 0.017739646], [-0.45366156, -0.14936075], [-0.45329997, -0.29014632], [-0.43883878, -0.37514162], [-0.43387303, -0.40646], [-0.43140876, -0.42260328], [-0.43022835, -0.42497045], [-0.42323962, -0.41682935], [-0.40500125, -0.3996834], [-0.37517497, 0.21459612], [-0.35147518, 0.4192944], [-0.32891363, 0.4261471], [-0.2854261, 0.43563148], [-0.11455829, 0.4638691], [0.06469204, 0.49399027], [0.19108206, 0.49936023], [0.2724365, 0.4884079], [0.3279869, 0.4809827], [0.3804857, 0.45165104], [0.4026763, 0.4261694], [0.42161778, 0.38831523], [0.43537882, 0.3287657], [0.44406316, 0.23826548], [0.44648024, 0.13986106], [0.44766062, 0.03890401], [0.44706637, -0.057481527], [0.45154458, -0.13657747], [0.45717806, -0.19908606], [0.46254906, -0.23857191], [0.46834597, -0.26857764], [0.46840355, -0.2918974], [0.4551746, -0.31134653], [0.24661227, -0.3603376], [-0.3847188, -0.5], [-0.37464094, -0.49593744], [-0.35500866, -0.492177], [-0.24393682, -0.47871584], [-0.10774721, -0.4696376], [0.026325969, -0.46421966], [0.1437399, -0.46379262], [0.2459802, -0.46394873], [0.3456404, -0.46645534], [0.4092364, -0.47145662], [0.43639007, -0.47555175], [0.45525378, -0.48221427], [0.45905402, -0.48432553]]
[0, 0, 0, 0, 0, 0, 0, 0, 0, 0, 0, 0, 0, 0, 0, 0, 0, 0, 0, 0, 0, 0, 1, 1, 1, 1, 1, 1, 1, 1, 1, 1, 1, 1, 1, 1, 1, 1, 1, 1, 1, 1, 1, 1, 1, 1, 1, 1, 1, 1, 1, 1, 1, 1, 1, 1, 1, 1, 1, 1, 1, 2, 2, 2, 2, 2, 2, 2, 2, 2, 2, 2, 2, 2, 2, 2, 2, 2, 2, 2, 2, 2, 2]
ㅁ
[[-0.4799413, 0.38021138], [-0.47903135, 0.37421992], [-0.47784632, 0.36470887], [-0.4731947, 0.32047975], [-0.46646357, 0.17327343], [-0.46611598, 0.014431311], [-0.46557128, -0.13657118], [-0.4540514, -0.25615448], [-0.44199294, -0.33146343], [-0.43607455, -0.36967626], [-0.42720762, -0.3895856], [-0.4222912, -0.39999378], [-0.42022443, -0.39648262], [-0.42864656, -0.20794474], [-0.45426327, 0.44257998], [-0.44427058, 0.44509003], [-0.41615656, 0.45057985], [-0.26707596, 0.4703113], [-0.11077204, 0.49105775], [0.035209175, 0.49694526], [0.16257355, 0.4990269], [0.26963925, 0.48565462], [0.36372826, 0.45703217], [0.4102243, 0.42984715], [0.43839788, 0.40164697], [0.46028286, 0.35942495], [0.47468722, 0.30109757], [0.47969034, 0.22966476], [0.47435364, 0.14243643], [0.466819, 0.047122657], [0.45756218, -0.054185152], [0.44843388, -0.15450513], [0.44207573, -0.25032097], [0.44093004, -0.3218353], [0.44250822, -0.37216493], [0.4395787, -0.40526816], [0.4368238, -0.4344033], [0.09442833, -0.46272507], [-0.40577194, -0.49575067], [-0.40225857, -0.49307168], [-0.38677567, -0.48854163], [-0.32189137, -0.4826309], [-0.14640494, -0.47304285], [0.010699977, -0.4738733], [0.1436522, -0.47515804], [0.25420034, -0.47613552], [0.34207907, -0.47877398], [0.38687557, -0.4848016], [0.41750017, -0.49331322], [0.42423394, -0.49539158]]
[0, 0, 0, 0, 0, 0, 0, 0, 0, 0, 0, 0, 0, 0, 0, 0, 0, 0, 0, 0, 0, 0, 1, 1, 1, 1, 1, 1, 1, 1, 1, 1, 1, 1, 1, 1, 1, 1, 1, 1, 1, 1, 1, 1, 1, 1, 1, 1, 1, 1, 1, 1, 1, 1, 1, 1, 1, 1, 1, 1, 1, 2, 2, 2, 2, 2, 2, 2, 2, 2, 2, 2, 2, 2, 2, 2, 2, 2, 2, 2, 2]
ㅁ
[[-0.49119836, 0.43255848], [-0.4885368, 0.42449808], [-0.48633817, 0.40732303], [-0.47989655, 0.32972932], [-0.46824256, 0.22476643], [-0.46847373, 0.09862027], [-0.47635427, -0.02990925], [-0.47421604, -0.13940313], [-0.46399885, -0.2248165], [-0.4554122, -0.28220436], [-0.44925153, -0.30834526], [-0.44345266, -0.32866767], [-0.4420571, -0.33946055], [-0.4422022, -0.34153312], [-0.443805, -0.34078085], [-0.49976027, 0.42244652], [-0.49527213, 0.42761758], [-0.48245892, 0.433495], [-0.4508897, 0.44063747], [-0.28967935, 0.46238223], [-0.11980291, 0.4671552], [0.03887599, 0.4667376], [0.1730172, 0.4592959], [0.27680248, 0.44404772], [0.35937285, 0.41415983], [0.40013784, 0.3897754], [0.43150964, 0.35666358], [0.45525408, 0.31893316], [0.47174114, 0.26708078], [0.4758701, 0.19815448], [0.4684715, 0.12557074], [0.45564058, 0.043531626], [0.44500762, -0.03965051], [0.4419315, -0.12100991], [0.43657738, -0.18590024], [0.43709958, -0.22860846], [0.43679878, -0.25972536], [0.43703452, -0.26705784], [-0.3803938, -0.46538228], [-0.36709133, -0.46300262], [-0.3008498, -0.45591557], [-0.117887855, -0.43765372], [0.028420461, -0.42766225], [0.16279832, -0.4236835], [0.2793554, -0.42203218], [0.3779719, -0.42443267], [0.43966722, -0.42792094], [0.47285226, -0.43363], [0.4952123, -0.4445642], [0.5, -0.447604]]
[0, 0, 0, 0, 0, 0, 0, 0, 0, 0, 0, 0, 0, 0, 0, 0, 0, 0, 0, 0, 0, 0, 0, 0, 0, 1, 1, 1, 1, 1, 1, 1, 1, 1, 1, 1, 1, 1, 1, 1, 1, 1, 1, 1, 1, 1, 1, 1, 1, 1, 1, 1, 1, 1, 1, 1, 1, 1, 1, 1, 1, 1, 1, 2, 2, 2, 2, 2, 2, 2, 2, 2, 2, 2, 2, 2, 2, 2, 2, 2, 2, 2, 2]
ㅁ
[[-0.44551283, 0.2948718], [-0.44465595, 0.28737834], [-0.44384247, 0.27081648], [-0.43893114, 0.20126301], [-0.43630275, 0.10675591], [-0.4316553, -0.0051476695], [-0.42166892, -0.12742223], [-0.41233423, -0.23584455], [-0.4057726, -0.31081924], [-0.39567462, -0.35195288], [-0.3876751, -0.3708482], [-0.38100472, -0.3794988], [-0.38550496, -0.31522185], [-0.45188132, 0.42340523], [-0.44569597, 0.43050468], [-0.42852566, 0.44160998], [-0.36779174, 0.46245813], [-0.21216884, 0.49359876], [-0.07520342, 0.4989639], [0.04017378, 0.4836133], [0.14255358, 0.46135443], [0.23671056, 0.43807694], [0.31422788, 0.41416913], [0.36164954, 0.39054444], [0.3972777, 0.3619138], [0.42723367, 0.3278322], [0.4484881, 0.28328645], [0.45320514, 0.22150694], [0.44287, 0.13240659], [0.42737916, 0.032875996], [0.4121134, -0.067466475], [0.40252048, -0.16747463], [0.39605728, -0.24596465], [0.39374682, -0.30403027], [0.3931977, -0.33400512], [0.39180404, -0.35704115], [0.39174518, -0.37053028], [0.39228153, -0.37452757], [-0.06143248, -0.4463048], [-0.3709046, -0.49539864], [-0.3565198, -0.49431357], [-0.24895705, -0.49135917], [-0.09867775, -0.49043143], [0.04448108, -0.4968632], [0.14952223, -0.4962588], [0.24811317, -0.49486306], [0.321118, -0.4914998], [0.35992396, -0.49268523], [0.38306516, -0.49808127], [0.38846153, -0.5]]
[0, 0, 0, 0, 0, 0, 0, 0, 0, 0, 0, 0, 0, 0, 0, 0, 0, 0, 0, 0, 0, 1, 1, 1, 1, 1, 1, 1, 1, 1, 1, 1, 1, 1, 1, 1, 1, 1, 1, 1, 1, 1, 1, 1, 1, 1, 1, 1, 1, 1, 1, 1, 1, 1, 1, 1, 1, 1, 1, 1, 1, 1, 1, 1, 2, 2, 2, 2, 2, 2, 2, 2, 2, 2, 2, 2, 2, 2, 2, 2, 2, 2, 2]
ㅁ
[[-0.5, 0.35577115], [-0.49857435, 0.35182682], [-0.49617842, 0.3434359], [-0.48491806, 0.28941143], [-0.46941364, 0.16385582], [-0.46120676, 0.022072017], [-0.4480194, -0.12042722], [-0.44180283, -0.2472474], [-0.43229032, -0.34331712], [-0.42138547, -0.4056313], [-0.41387528, -0.43177626], [-0.4107968, -0.4406664], [-0.40597856, -0.4419865], [-0.4465506, 0.022938848], [-0.48463082, 0.40491745], [-0.48602712, 0.4090137], [-0.47724214, 0.41508597], [-0.40255326, 0.44246793], [-0.27822602, 0.46987587], [-0.14879951, 0.48362094], [-0.013499882, 0.4899737], [0.11074091, 0.4861989], [0.22150755, 0.4704382], [0.30116138, 0.44553447], [0.362376, 0.41276312], [0.3975006, 0.3799593], [0.4283312, 0.3252987], [0.44533786, 0.25166592], [0.4499898, 0.16569942], [0.4504488, 0.07509486], [0.44693246, -0.015249409], [0.4451725, -0.102792606], [0.44695035, -0.17791346], [0.44846377, -0.2366583], [0.4529258, -0.27604595], [0.45695332, -0.30806512], [0.4577316, -0.33136526], [0.45472187, -0.34568062], [-0.23256719, -0.47504646], [-0.28672102, -0.48654592], [-0.27688965, -0.48654592], [-0.24993198, -0.48562965], [-0.09401166, -0.48252892], [0.06237381, -0.48139152], [0.19456759, -0.48172563], [0.31083983, -0.4807362], [0.40689734, -0.47936186], [0.4681577, -0.47717488], [0.49557105, -0.4873151], [0.5, -0.49085814]]
[0, 0, 0, 0, 0, 0, 0, 0, 0, 0, 0, 0, 0, 0, 0, 0, 0, 0, 0, 0, 0, 0, 0, 1, 1, 1, 1, 1, 1, 1, 1, 1, 1, 1, 1, 1, 1, 1, 1, 1, 1, 1, 1, 1, 1, 1, 1, 1, 1, 1, 1, 1, 1, 1, 1, 1, 1, 1, 1, 1, 1, 1, 1, 1, 1, 1, 2, 2, 2, 2, 2, 2, 2, 2, 2, 2, 2, 2, 2, 2, 2, 2, 2, 2, 2, 2]
ㅁ
[[-0.4008897, 0.43926555], [-0.40063027, 0.42746943], [-0.39950317, 0.38972977], [-0.3962356, 0.25661653], [-0.38084468, 0.11651246], [-0.36046958, -0.015888676], [-0.3367786, -0.13396342], [-0.31872562, -0.23212673], [-0.30303293, -0.29871544], [-0.29237315, -0.3371665], [-0.28199482, -0.3617837], [-0.2701326, -0.37351552], [-0.26233035, -0.37288135], [-0.4598818, 0.43946803], [-0.4550967, 0.44330105], [-0.44883156, 0.44931108], [-0.41224572, 0.4591605], [-0.30075037, 0.47256306], [-0.17395276, 0.48267728], [-0.017984279, 0.49367374], [0.12582456, 0.4999905], [0.23921081, 0.49820018], [0.32657078, 0.49308142], [0.38201398, 0.47234982], [0.41919544, 0.44668323], [0.44591686, 0.41454342], [0.46062073, 0.36624193], [0.45924178, 0.29057765], [0.44553852, 0.19997102], [0.4334526, 0.10468204], [0.42797205, 0.0066986755], [0.42531416, -0.088583626], [0.43004483, -0.174822], [0.43871602, -0.21880412], [0.44160733, -0.24723609], [0.43931916, -0.26876515], [0.4345133, -0.28706908], [0.2934525, -0.32872078], [-0.2509658, -0.4759887], [-0.25335994, -0.4759887], [-0.22557516, -0.4794529], [-0.11008352, -0.48511213], [0.02079095, -0.4858757], [0.13128145, -0.48756084], [0.22022098, -0.4849741], [0.30610147, -0.48446327], [0.3612317, -0.4860124], [0.3974957, -0.48853365], [0.4226186, -0.4971175], [0.4272883, -0.5]]
[0, 0, 0, 0, 0, 0, 0, 0, 0, 0, 0, 0, 0, 0, 0, 0, 0, 0, 0, 0, 0, 0, 0, 1, 1, 1, 1, 1, 1, 1, 1, 1, 1, 1, 1, 1, 1, 1, 1, 1, 1, 1, 1, 1, 1, 1, 1, 1, 1, 1, 1, 1, 1, 1, 1, 1, 1, 1, 1, 1, 1, 1, 1, 1, 1, 1, 1, 1, 2, 2, 2, 2, 2, 2, 2, 2, 2, 2, 2, 2, 2, 2, 2, 2, 2, 2, 2, 2, 2, 2]
ㅁ
[[-0.44001326, 0.38188413], [-0.43976063, 0.36744413], [-0.43809718, 0.32526752], [-0.43158963, 0.16638257], [-0.4302044, -0.00623007], [-0.43329042, -0.16655794], [-0.4378814, -0.28989133], [-0.43525696, -0.37730232], [-0.4327022, -0.4242318], [-0.43049756, -0.4428379], [-0.4279151, -0.45383334], [-0.42589876, -0.45246956], [-0.42635962, -0.44111106], [-0.43259594, -0.3746672], [-0.4983456, 0.33138886], [-0.4956144, 0.3390925], [-0.4855254, 0.34994245], [-0.41464683, 0.3789438], [-0.25175568, 0.42021322], [-0.07963048, 0.4454344], [0.08329758, 0.46103653], [0.21813482, 0.4578651], [0.31375715, 0.44212568], [0.37723935, 0.41069916], [0.4119405, 0.37844232], [0.44747186, 0.32492286], [0.47695968, 0.25482988], [0.49378148, 0.16171277], [0.49958864, 0.068763435], [0.49619666, -0.03256149], [0.49278173, -0.12878312], [0.49093664, -0.21053036], [0.49245697, -0.27152553], [0.49457893, -0.31308463], [0.49603894, -0.34206933], [0.49557805, -0.3648414], [0.49436823, -0.3708905], [-0.44663846, -0.4419432], [-0.4480347, -0.43989483], [-0.4350865, -0.43965575], [-0.34104583, -0.43363613], [-0.21187608, -0.43576387], [-0.059715755, -0.4369711], [0.08954543, -0.4445587], [0.2102656, -0.44012624], [0.29733074, -0.4414615], [0.37630004, -0.44913638], [0.4061028, -0.45122486], [0.41678157, -0.4582021], [0.4181498, -0.46185076]]
[0, 0, 0, 0, 0, 0, 0, 0, 0, 0, 0, 0, 0, 0, 0, 0, 0, 0, 0, 0, 0, 0, 0, 0, 1, 1, 1, 1, 1, 1, 1, 1, 1, 1, 1, 1, 1, 1, 1, 1, 1, 1, 1, 1, 1, 1, 1, 1, 1, 1, 1, 1, 1, 1, 1, 1, 1, 1, 1, 1, 1, 1, 1, 1, 1, 2, 2, 2, 2, 2, 2, 2, 2, 2, 2, 2, 2, 2, 2, 2, 2, 2, 2, 2, 2, 2, 2, 2]
