ㅂ
[[-0.49806842, 0.4780021], [-0.49752408, 0.4722054], [-0.49827036, 0.45872593], [-0.49995878, 0.39569503], [-0.49819046, 0.2705297], [-0.48375005, 0.1404651], [-0.46484107, 0.020393727], [-0.44362363, -0.090453126], [-0.42810544, -0.17090204], [-0.41408363, -0.2224059], [-0.40899906, -0.24963416], [-0.40640032, -0.25708708], [-0.39687443, -0.25620914], [0.055574447, 0.15151635], [0.4225636, 0.4892932], [0.42676282, 0.48058057], [0.43082207, 0.45739353], [0.44429561, 0.38260776], [0.45748335, 0.3047031], [0.4716701, 0.21380493], [0.48489916, 0.1260419], [0.4946827, 0.049574263], [0.49895492, -0.025178188], [0.49998257, -0.0717297], [-0.027462006, -0.0012877658], [-0.33050585, 0.042673495], [-0.30195764, 0.045206316], [-0.21997736, 0.048885524], [-0.091670096, 0.056505315], [0.033037327, 0.0604179], [0.14501369, 0.067032315], [0.21075092, 0.069537565], [0.24382956, 0.06632669], [0.25928882, 0.06167202], [0.26250216, 0.05929177], [0.26424932, 0.05927226], [-0.44050318, -0.487871], [-0.43329233, -0.48303577], [-0.42047405, -0.47640225], [-0.3755982, -0.46324453], [-0.23836705, -0.43236166], [-0.10182965, -0.41407934], [0.037045985, -0.39915636], [0.1822753, -0.38257533], [0.31124625, -0.36789072], [0.406412, -0.35592228], [0.44952407, -0.35841566], [0.46482873, -0.35945758], [0.47540614, -0.3688315], [0.47590864, -0.36901763]]
[0, 0, 0, 0, 0, 0, 0, 0, 0, 0, 0, 0, 0, 0, 0, 0, 0, 0, 0, 0, 0, 0, 0, 1, 1, 1, 1, 1, 1, 1, 1, 1, 1, 1, 1, 1, 1, 1, 1, 1, 1, 1, 2, 2, 2, 2, 2, 2, 2, 2, 2, 2, 2, 2, 2, 2, 2, 2, 2, 2, 2, 2, 3, 3, 3, 3, 3, 3, 3, 3, 3, 3, 3, 3, 3, 3, 3, 3, 3, 3, 3, 3, 3, 3, 3, 3]
ㅂ
[[-0.39615384, 0.42820513], [-0.3936204, 0.41757753], [-0.39195597, 0.39854476], [-0.3847224, 0.32481536], [-0.3740462, 0.21602543], [-0.3678515, 0.08990548], [-0.36474705, -0.046012904], [-0.3687714, -0.16793163], [-0.36440095, -0.26906997], [-0.35444564, -0.34451464], [-0.34697253, -0.37991506], [-0.34383044, -0.40437818], [-0.3423077, -0.41794872], [0.20833606, 0.2751963], [0.38796377, 0.49037609], [0.38985008, 0.4748731], [0.39340678, 0.38659346], [0.39503425, 0.27697396], [0.3909127, 0.14699799], [0.38252807, -0.014545884], [0.37056935, -0.1556933], [0.36976704, -0.27902806], [0.38202706, -0.3724284], [0.38957742, -0.4176451], [0.39268446, -0.44214198], [0.39590266, -0.44857842], [0.07982716, -0.2402755], [-0.21905649, -0.038646434], [-0.21230769, -0.03699634], [-0.19754317, -0.033281006], [-0.12728778, -0.026150003], [-0.0049737506, -0.021371707], [0.08743963, -0.025866741], [0.1732835, -0.03269873], [0.23853761, -0.0445818], [0.2826614, -0.053402707], [0.3057143, -0.06256761], [0.31879118, -0.07230071], [-3.6013126E-4, -0.32557052], [-0.21496984, -0.498457], [-0.20655416, -0.49748823], [-0.19024335, -0.4960579], [-0.11541137, -0.4876624], [0.0052571483, -0.4796609], [0.102557905, -0.47393966], [0.18625784, -0.4709639], [0.2670256, -0.46605635], [0.33108157, -0.46251258], [0.36022767, -0.47920814], [0.3623077, -0.48290598]]
[0, 0, 0, 0, 0, 0, 0, 0, 0, 0, 0, 0, 0, 0, 0, 0, 0, 0, 0, 0, 0, 0, 1, 1, 1, 1, 1, 1, 1, 1, 1, 1, 1, 1, 1, 1, 1, 1, 1, 1, 1, 1, 1, 1, 2, 2, 2, 2, 2, 2, 2, 2, 2, 2, 2, 2, 2, 2, 2, 2, 2, 2, 2, 2, 3, 3, 3, 3, 3, 3, 3, 3, 3, 3, 3, 3, 3, 3, 3, 3, 3, 3, 3]
ㅂ
[[-0.37717, 0.436], [-0.37717, 0.43112162], [-0.37658226, 0.4218449], [-0.37366882, 0.3682965], [-0.3635357, 0.25919613], [-0.3509154, 0.1293107], [-0.34301484, -0.010323241], [-0.3299215, -0.13365258], [-0.316937, -0.22349903], [-0.31144533, -0.29018006], [-0.29792258, -0.337326], [-0.2915111, -0.3684989], [-0.2876843, -0.3892408], [-0.2851496, -0.3918204], [-0.049569845, -0.009256899], [0.27089444, 0.5], [0.27496633, 0.49815512], [0.28051326, 0.4887837], [0.29758894, 0.42599967], [0.31394082, 0.3156501], [0.3233294, 0.18873014], [0.3265632, 0.05068804], [0.3325314, -0.072664425], [0.3391058, -0.17965773], [0.35108268, -0.26510048], [0.3680316, -0.3214219], [0.3769771, -0.35399783], [0.37451, -0.3688], [-0.14389032, -0.06845698], [-0.22344235, -0.014730449], [-0.21398716, -0.012016326], [-0.15386885, -0.005887513], [-0.04654609, 0.0011598335], [0.044911478, 0.0025110226], [0.123054266, 0.0012616863], [0.18939911, 0.0031784743], [0.22157174, 0.0017795899], [0.23997283, -0.0032163148], [0.24923, -0.0088], [-0.09657419, -0.41980225], [-0.1666802, -0.5], [-0.15031101, -0.49105534], [-0.09897759, -0.4743151], [-0.03360008, -0.45662242], [0.050156914, -0.4433599], [0.11822279, -0.43630186], [0.17565784, -0.43026182], [0.21705815, -0.4295047], [0.24590915, -0.43498772], [0.25355, -0.4376]]
[0, 0, 0, 0, 0, 0, 0, 0, 0, 0, 0, 0, 0, 0, 0, 0, 0, 0, 0, 0, 0, 0, 0, 0, 0, 0, 1, 1, 1, 1, 1, 1, 1, 1, 1, 1, 1, 1, 1, 1, 1, 1, 1, 1, 1, 1, 1, 1, 1, 1, 1, 2, 2, 2, 2, 2, 2, 2, 2, 2, 2, 2, 2, 2, 2, 2, 2, 2, 2, 2, 2, 3, 3, 3, 3, 3, 3, 3, 3, 3, 3, 3, 3, 3, 3, 3, 3, 3, 3, 3]
ㅂ
[[-0.35255492, 0.45163807], [-0.3534326, 0.44700944], [-0.35324264, 0.4380114], [-0.34772924, 0.39361203], [-0.3313021, 0.26894075], [-0.31420112, 0.1456277], [-0.30409864, 0.025137702], [-0.29874346, -0.091241375], [-0.2973642, -0.19716707], [-0.2984076, -0.29463074], [-0.2994806, -0.3603361], [-0.30730447, -0.40049744], [-0.256635, -0.33097208], [0.32589218, 0.49780008], [0.32776043, 0.49186537], [0.33474788, 0.46020803], [0.34121862, 0.37465665], [0.34937233, 0.26718068], [0.34804827, 0.14078186], [0.3363809, 0.021725044], [0.32550982, -0.08652962], [0.32438162, -0.17919989], [0.31975126, -0.25427905], [0.3249441, -0.30566597], [0.32433817, -0.34370044], [0.3234981, -0.350234], [-0.23223054, -0.03448454], [-0.22886188, -0.030771432], [-0.21911944, -0.02618676], [-0.1934438, -0.018789792], [-0.11656724, -0.0064538885], [-0.040192876, -0.0010362025], [0.025365144, -2.4788722E-5], [0.08828509, 6.2048325E-4], [0.14858949, -0.0015541763], [0.18969224, -0.0025261906], [0.22158976, -0.006033307], [0.24685524, -0.011382081], [0.2554014, -0.01326053], [-0.1719785, -0.49850896], [-0.16736555, -0.49233317], [-0.15666045, -0.48543411], [-0.13230468, -0.47577336], [-0.044600222, -0.45536774], [0.021454021, -0.44770303], [0.08826655, -0.44594237], [0.14443222, -0.44695482], [0.19007458, -0.45381454], [0.23519945, -0.46642625], [0.24206285, -0.46879876]]
[0, 0, 0, 0, 0, 0, 0, 0, 0, 0, 0, 0, 0, 0, 0, 0, 0, 0, 0, 0, 0, 1, 1, 1, 1, 1, 1, 1, 1, 1, 1, 1, 1, 1, 1, 1, 1, 1, 1, 1, 1, 1, 1, 2, 2, 2, 2, 2, 2, 2, 2, 2, 2, 2, 2, 2, 2, 2, 2, 2, 2, 2, 2, 2, 2, 3, 3, 3, 3, 3, 3, 3, 3, 3, 3, 3, 3, 3, 3, 3, 3, 3, 3]
ㅂ
[[-0.3538177, 0.41896024], [-0.3538177, 0.4127955], [-0.3539792, 0.40017477], [-0.3527837, 0.33444908], [-0.3472293, 0.19351214], [-0.34830397, 0.05480059], [-0.3467909, -0.07480121], [-0.34497595, -0.19896245], [-0.3461578, -0.30117083], [-0.34734884, -0.38492435], [-0.3477856, -0.43708804], [-0.34917203, -0.47360557], [-0.34968925, -0.48165137], [0.32875112, 0.5], [0.33094686, 0.49016765], [0.33331457, 0.47705904], [0.34336632, 0.38071677], [0.35035592, 0.2628194], [0.35267544, 0.14240596], [0.35149246, 0.023297824], [0.34892696, -0.09083602], [0.34782058, -0.19145033], [0.35017183, -0.27764714], [0.35305285, -0.3446269], [0.3490309, -0.38875383], [0.3445768, -0.40672782], [-0.26177946, -0.03044569], [-0.25513166, -0.02844536], [-0.24524952, -0.025884664], [-0.2174379, -0.023174891], [-0.10075073, -0.016739996], [0.0017484128, -0.013768333], [0.09581123, -0.014510703], [0.17556646, -0.014920737], [0.2402897, -0.01507484], [0.27930483, -0.018023247], [0.29992926, -0.023123005], [0.31218117, -0.030237775], [0.31498966, -0.03211009], [-0.18592383, -0.5], [-0.18061978, -0.49834612], [-0.16840997, -0.49446106], [-0.1239979, -0.48920056], [-0.011463385, -0.4783555], [0.077726215, -0.47250795], [0.15182962, -0.47239107], [0.21181558, -0.47097337], [0.26271203, -0.47826385], [0.28927407, -0.48264354], [0.29434744, -0.48318043]]
[0, 0, 0, 0, 0, 0, 0, 0, 0, 0, 0, 0, 0, 0, 0, 0, 0, 0, 0, 0, 0, 0, 1, 1, 1, 1, 1, 1, 1, 1, 1, 1, 1, 1, 1, 1, 1, 1, 1, 1, 1, 1, 1, 1, 1, 2, 2, 2, 2, 2, 2, 2, 2, 2, 2, 2, 2, 2, 2, 2, 2, 2, 2, 2, 2, 2, 2, 3, 3, 3, 3, 3, 3, 3, 3, 3, 3, 3, 3, 3, 3, 3, 3, 3, 3, 3]
ㅂ
[[-0.30886355, 0.47674417], [-0.30951762, 0.46672878], [-0.30958283, 0.41800612], [-0.30887675, 0.3188838], [-0.31086355, 0.19884165], [-0.32172137, 0.070393346], [-0.3325185, -0.04388704], [-0.34048596, -0.1391819], [-0.34295008, -0.2138054], [-0.34492475, -0.2667748], [-0.34691525, -0.31038284], [-0.34232718, -0.34813023], [-0.286732, -0.28366756], [0.33263206, 0.49964404], [0.3381432, 0.49327037], [0.3416163, 0.4642746], [0.34672642, 0.37958172], [0.34636527, 0.2808326], [0.34229004, 0.16566113], [0.3379175, 0.061880093], [0.33184865, -0.034078628], [0.3319333, -0.12014324], [0.33579233, -0.20291437], [0.33985782, -0.27244335], [0.33816504, -0.3189034], [0.32278958, -0.3616971], [0.31315678, -0.3735465], [-0.19882172, 0.047045562], [-0.18933651, 0.05004153], [-0.16600801, 0.05180481], [-0.085169315, 0.05515917], [-0.009871207, 0.0539698], [0.063295275, 0.051400386], [0.13767265, 0.04797639], [0.20563675, 0.04540697], [0.24428517, 0.04300162], [0.282451, 0.03502893], [0.30008873, 0.027912917], [-0.06198454, -0.2846455], [-0.30176798, -0.4955369], [-0.28824705, -0.49145705], [-0.26365936, -0.4854206], [-0.16906466, -0.46800303], [-0.027836405, -0.44811818], [0.07605435, -0.4405989], [0.1519091, -0.441125], [0.20769729, -0.4462174], [0.24762276, -0.45068672], [0.28375384, -0.46550003], [0.2896103, -0.46947673]]
[0, 0, 0, 0, 0, 0, 0, 0, 0, 0, 0, 0, 0, 0, 0, 0, 0, 0, 0, 0, 0, 1, 1, 1, 1, 1, 1, 1, 1, 1, 1, 1, 1, 1, 1, 1, 1, 1, 1, 1, 1, 1, 1, 1, 1, 2, 2, 2, 2, 2, 2, 2, 2, 2, 2, 2, 2, 2, 2, 2, 2, 2, 2, 2, 3, 3, 3, 3, 3, 3, 3, 3, 3, 3, 3, 3, 3, 3, 3, 3, 3, 3, 3]
