ㅅ
[[-0.015350877, 0.5], [-0.019533556, 0.49121138], [-0.020573491, 0.48654553], [-0.022672754, 0.4781199], [-0.029929735, 0.4508654], [-0.047655962, 0.39382088], [-0.06866756, 0.32182312], [-0.09603947, 0.24332672], [-0.13018498, 0.16168715], [-0.17461883, 0.066983774], [-0.22169083, -0.025766011], [-0.2649092, -0.10995263], [-0.30309185, -0.18771295], [-0.3362261, -0.25843734], [-0.36431205, -0.3189307], [-0.38268778, -0.36690095], [-0.3941238, -0.40568468], [-0.40318727, -0.4354827], [-0.41034657, -0.4557006], [-0.4156731, -0.47153598], [-0.41962048, -0.4845049], [-0.4225564, -0.4931774], [-0.4258593, -0.49771255], [-0.430657, -0.4995425], [-0.4344522, -0.5], [-0.4355263, -0.5], [-0.25271243, -0.20811993], [-0.046446472, 0.12270756], [-0.047681704, 0.1246171], [-0.04605711, 0.124350555], [-0.040831994, 0.121392764], [-0.0331185, 0.114870496], [-0.015315066, 0.09778413], [0.008172212, 0.07327844], [0.033437677, 0.044409536], [0.06688368, 0.0044522155], [0.11011007, -0.045834325], [0.15742426, -0.09645928], [0.21039757, -0.15081686], [0.26482663, -0.20962098], [0.30894163, -0.2566378], [0.33998108, -0.28912315], [0.36485583, -0.31675082], [0.38563263, -0.33865145], [0.40332076, -0.3541194], [0.41785714, -0.36629274], [0.42669174, -0.3758404], [0.43258145, -0.38522893], [0.4355263, -0.3908382], [0.4355263, -0.3908382]]
[0, 0, 0, 0, 0, 0, 0, 0, 0, 0, 0, 0, 0, 0, 0, 0, 0, 0, 0, 0, 0, 0, 0, 0, 0, 0, 1, 1, 1, 1, 1, 1, 1, 1, 1, 1, 1, 1, 1, 1, 1, 1, 1, 1, 1, 1, 1, 1, 1]
ㅅ
[[-0.044271722, 0.5], [-0.048040774, 0.4903275], [-0.050243933, 0.48443693], [-0.057283957, 0.46551776], [-0.07180644, 0.42561996], [-0.091737255, 0.36983132], [-0.115427166, 0.3079053], [-0.14393428, 0.2432514], [-0.17418785, 0.16848172], [-0.20446111, 0.08781281], [-0.23061441, 0.008399017], [-0.25222543, -0.065331474], [-0.2740397, -0.13443519], [-0.29442027, -0.20104472], [-0.3123815, -0.26297882], [-0.33046377, -0.3163446], [-0.3452152, -0.36644632], [-0.3581385, -0.40102202], [-0.37240803, -0.42610154], [-0.38073054, -0.4526058], [-0.38538226, -0.47420883], [-0.3880817, -0.48695242], [-0.3893635, -0.49330735], [-0.3895591, -0.497914], [-0.38924617, -0.5], [-0.38924617, -0.5], [-0.38924617, -0.5], [-0.14881206, -0.060268015], [-0.04230044, 0.1347043], [-0.038803566, 0.1361993], [-0.03371491, 0.13685986], [-0.029753063, 0.13559087], [-0.022152781, 0.13161442], [-0.0027621817, 0.11801965], [0.0297703, 0.091934554], [0.059395812, 0.06454447], [0.091292486, 0.034006916], [0.12778208, -0.0018776339], [0.16721249, -0.044174522], [0.20800182, -0.09238143], [0.24995266, -0.14212906], [0.27882612, -0.17494383], [0.30119497, -0.19875], [0.32108343, -0.21998058], [0.33945823, -0.23861219], [0.3560552, -0.2567338], [0.370871, -0.27528423], [0.3829725, -0.29125962], [0.38962948, -0.29897785], [0.38962948, -0.29897785]]
[0, 0, 0, 0, 0, 0, 0, 0, 0, 0, 0, 0, 0, 0, 0, 0, 0, 0, 0, 0, 0, 0, 0, 0, 1, 1, 1, 1, 1, 1, 1, 1, 1, 1, 1, 1, 1, 1, 1, 1, 1, 1, 1, 1]
ㅅ
[[-0.1273585, 0.5], [-0.1273585, 0.49569172], [-0.12800434, 0.49205798], [-0.12958746, 0.48494765], [-0.1362116, 0.46042243], [-0.15131569, 0.4099883], [-0.16791849, 0.35096622], [-0.18572286, 0.2896741], [-0.20906547, 0.22181505], [-0.23535363, 0.14780898], [-0.25975963, 0.06754399], [-0.28215015, -0.0062159467], [-0.3020416, -0.07713275], [-0.3225914, -0.14801866], [-0.33921796, -0.2101715], [-0.3561209, -0.26767], [-0.37313184, -0.32439035], [-0.38775128, -0.37260532], [-0.39841095, -0.40988317], [-0.40547323, -0.4379335], [-0.41059628, -0.45963383], [-0.41589174, -0.47658524], [-0.42239386, -0.4882032], [-0.42780483, -0.49623692], [-0.42915952, -0.5], [-0.42915952, -0.5], [-0.18869874, 0.1111241], [-0.15047522, 0.19776314], [-0.14795582, 0.19750062], [-0.14449716, 0.19562782], [-0.13147502, 0.18762982], [-0.10557051, 0.17114294], [-0.07260141, 0.14730243], [-0.03651683, 0.11448563], [0.0048700385, 0.07007887], [0.046918824, 0.020542689], [0.09300337, -0.03377854], [0.14195496, -0.088257596], [0.18125394, -0.14336132], [0.2165086, -0.198493], [0.25331646, -0.2446816], [0.2904917, -0.29054448], [0.32773763, -0.3359927], [0.35872763, -0.37507305], [0.38210413, -0.4066952], [0.40129167, -0.43254262], [0.41591892, -0.45299712], [0.42499828, -0.4704621], [0.42915952, -0.4811321], [0.42915952, -0.4811321]]
[0, 0, 0, 0, 0, 0, 0, 0, 0, 0, 0, 0, 0, 0, 0, 0, 0, 0, 0, 0, 0, 0, 0, 0, 1, 1, 1, 1, 1, 1, 1, 1, 1, 1, 1, 1, 1, 1, 1, 1, 1, 1, 1, 1, 1, 1]
ㅅ
[[-0.05534274, 0.5], [-0.055239685, 0.4937745], [-0.05563241, 0.48928428], [-0.056833237, 0.48214287], [-0.0625509, 0.45909417], [-0.07577481, 0.40878025], [-0.09534372, 0.3344931], [-0.11319861, 0.2689113], [-0.14109293, 0.19297811], [-0.17227928, 0.116958514], [-0.20209691, 0.042062238], [-0.22934577, -0.033110626], [-0.25528556, -0.10742511], [-0.28043604, -0.17718033], [-0.29917738, -0.24118951], [-0.32476988, -0.29657543], [-0.34189075, -0.34419212], [-0.35606116, -0.39063832], [-0.3670511, -0.42999056], [-0.37475267, -0.45685256], [-0.38126826, -0.4728964], [-0.3892137, -0.48689517], [-0.39660138, -0.49553573], [-0.40107286, -0.49913594], [-0.4031466, -0.5], [-0.40372983, -0.5], [-0.3106708, -0.2880178], [-0.07789458, 0.24193548], [-0.07711694, 0.24193548], [-0.07478399, 0.2436636], [-0.06648584, 0.23857288], [-0.05487422, 0.22862759], [-0.035553887, 0.21142307], [-0.007576594, 0.18668365], [0.025645588, 0.1561712], [0.06500819, 0.11700374], [0.1071779, 0.06919661], [0.15117776, 0.015064884], [0.19733082, -0.039141893], [0.24062882, -0.08505456], [0.27702102, -0.122037835], [0.30658707, -0.15564732], [0.33360088, -0.18469653], [0.35360143, -0.20951347], [0.37175927, -0.23353462], [0.38401535, -0.25268868], [0.3926483, -0.2680011], [0.39951757, -0.27923387], [0.40372983, -0.2842742], [0.40372983, -0.2842742]]
[0, 0, 0, 0, 0, 0, 0, 0, 0, 0, 0, 0, 0, 0, 0, 0, 0, 0, 0, 0, 0, 0, 0, 1, 1, 1, 1, 1, 1, 1, 1, 1, 1, 1, 1, 1, 1, 1, 1, 1, 1, 1, 1]
ㅅ
[[0.013166954, 0.5], [0.010376685, 0.4952926], [0.00929432, 0.49139416], [0.0061962134, 0.48364887], [0.0015490534, 0.47332186], [-0.014274598, 0.43301204], [-0.04776508, 0.35258177], [-0.07332446, 0.28552496], [-0.10041738, 0.21669535], [-0.13596044, 0.15296042], [-0.16698796, 0.08927711], [-0.19183475, 0.020481927], [-0.21738642, -0.04666093], [-0.24447934, -0.103562824], [-0.26698706, -0.16036144], [-0.29251552, -0.21545611], [-0.31868348, -0.26342836], [-0.34950623, -0.3086892], [-0.37561712, -0.3559773], [-0.39647332, -0.4033536], [-0.41999114, -0.44467404], [-0.43609852, -0.46997884], [-0.44201842, -0.48610818], [-0.4488382, -0.49741825], [-0.45387262, -0.5], [-0.45387262, -0.5], [-0.10301205, 0.20567986], [-0.09655443, 0.21210843], [-0.093330465, 0.21342513], [-0.08713425, 0.2151463], [-0.07977625, 0.21600689], [-0.07125645, 0.21428572], [-0.03897653, 0.20215666], [0.021073401, 0.17163225], [0.055716258, 0.14263842], [0.08890096, 0.10943327], [0.12706235, 0.06230081], [0.16309202, 0.014076664], [0.19081217, -0.025017928], [0.22808914, -0.063387476], [0.2676949, -0.10424842], [0.30060905, -0.14242685], [0.3321651, -0.17410535], [0.36129338, -0.19959517], [0.38637298, -0.21759771], [0.40886799, -0.23257118], [0.43121234, -0.24917419], [0.44651464, -0.26247847], [0.45387262, -0.26936316], [0.45387262, -0.26936316]]
[0, 0, 0, 0, 0, 0, 0, 0, 0, 0, 0, 0, 0, 0, 0, 0, 0, 0, 0, 0, 0, 0, 0, 0, 0, 0, 1, 1, 1, 1, 1, 1, 1, 1, 1, 1, 1, 1, 1, 1, 1, 1, 1, 1, 1, 1, 1, 1, 1, 1]
