ㅇ
[[-0.15702869, 0.44532225], [-0.16428871, 0.44361648], [-0.17807077, 0.4405402], [-0.27237716, 0.38009527], [-0.3454506, 0.3245654], [-0.39304554, 0.27759966], [-0.4311154, 0.22331226], [-0.46514747, 0.15607153], [-0.48934644, 0.086851634], [-0.49781272, 0.025292192], [-0.49947977, -0.037224147], [-0.4959068, -0.09751112], [-0.48442495, -0.15207471], [-0.46693265, -0.19691314], [-0.43675676, -0.23383306], [-0.4032464, -0.2701611], [-0.3643645, -0.30527204], [-0.31317073, -0.33710015], [-0.25023222, -0.36830667], [-0.1861752, -0.39731818], [-0.12590241, -0.41930208], [-0.063014634, -0.43328327], [0.0057387454, -0.44186288], [0.07306103, -0.4448084], [0.13525306, -0.44051835], [0.20157109, -0.4268526], [0.26207212, -0.4075126], [0.31461075, -0.3798773], [0.35981238, -0.3440662], [0.39912707, -0.303868], [0.4335346, -0.25848702], [0.4620676, -0.20414414], [0.48292294, -0.14210187], [0.49526662, -0.0794903], [0.4993727, -0.019073963], [0.49583906, 0.0451583], [0.48640606, 0.10589068], [0.4679219, 0.1629524], [0.44558305, 0.2131032], [0.41226527, 0.2551875], [0.3712469, 0.28950205], [0.32013008, 0.32033503], [0.260708, 0.34583554], [0.19824892, 0.36320218], [0.13972707, 0.371165], [0.09059874, 0.37122852], [0.05032313, 0.36610657], [0.017589124, 0.35781842], [0.008690535, 0.35539708], [0.008690535, 0.35539708]]
[0, 0, 0, 0, 0, 0, 0, 0, 0, 0, 0, 0, 0, 0, 0, 0, 0, 0, 0, 0, 0, 0, 0, 0, 0, 0, 0, 0, 0, 0, 0, 0, 0, 0, 0, 0, 0, 0, 0, 0, 0, 0, 0, 0, 0, 0]
ㅇ
[[-0.14802681, 0.49820334], [-0.15567425, 0.5000001], [-0.16014344, 0.49923894], [-0.16946393, 0.4971677], [-0.18111454, 0.49198967], [-0.19416322, 0.48266917], [-0.24002703, 0.4426791], [-0.32357818, 0.35800248], [-0.37308863, 0.27944115], [-0.41233715, 0.19048227], [-0.4422559, 0.10757136], [-0.46193153, 0.022672085], [-0.46950907, -0.056096386], [-0.4640472, -0.13890374], [-0.45384127, -0.21149997], [-0.43528423, -0.28604317], [-0.40600687, -0.34133434], [-0.3754647, -0.3831911], [-0.34134912, -0.4174208], [-0.30260858, -0.4460811], [-0.25834718, -0.47052342], [-0.19675516, -0.49073118], [-0.12959199, -0.49999988], [-0.07119212, -0.49813622], [-0.0069799013, -0.48985115], [0.053621925, -0.47746524], [0.11328232, -0.4527349], [0.16734071, -0.4182547], [0.22373398, -0.37857056], [0.2829249, -0.33150166], [0.33158797, -0.27984223], [0.3759442, -0.22115853], [0.41549912, -0.15485212], [0.4407764, -0.09476605], [0.45753622, -0.03709942], [0.46950918, 0.019849617], [0.46810958, 0.08221856], [0.4561347, 0.14102544], [0.43648702, 0.19304411], [0.40283057, 0.24410915], [0.3576698, 0.29116318], [0.30318227, 0.33023456], [0.21859951, 0.36683494], [0.13889511, 0.3882216], [0.064293884, 0.40073174], [-0.015806424, 0.40700755], [-0.09227163, 0.40296867], [-0.17423604, 0.3926747], [-0.17505622, 0.39257115], [-0.17505622, 0.39257115]]
[0, 0, 0, 0, 0, 0, 0, 0, 0, 0, 0, 0, 0, 0, 0, 0, 0, 0, 0, 0, 0, 0, 0, 0, 0, 0, 0, 0, 0, 0, 0, 0, 0, 0, 0, 0, 0, 0, 0, 0, 0, 0, 0, 0, 0, 0, 0, 0, 0, 0]
ㅇ
[[-0.4177923, 0.47767752], [-0.4241001, 0.4717521], [-0.42719683, 0.4668016], [-0.432354, 0.45746443], [-0.4385666, 0.44488028], [-0.45456293, 0.39832637], [-0.48053792, 0.29921478], [-0.49649188, 0.207837], [-0.4994044, 0.1158134], [-0.49274316, 0.02335326], [-0.47707212, -0.06500988], [-0.4542882, -0.14922437], [-0.42229334, -0.22929023], [-0.37961265, -0.30415785], [-0.33549708, -0.36725044], [-0.29617292, -0.41035986], [-0.255707, -0.43729538], [-0.2056753, -0.4585016], [-0.13950577, -0.4727136], [-0.06977701, -0.47719225], [-0.0068587502, -0.47386965], [0.055663355, -0.46433204], [0.11309502, -0.44862896], [0.16771747, -0.4254436], [0.2178331, -0.3926227], [0.26094908, -0.35407874], [0.3040874, -0.3038782], [0.35439676, -0.23489271], [0.40466416, -0.15803348], [0.44292417, -0.08379721], [0.47199187, -0.011874117], [0.49191746, 0.05962567], [0.49901995, 0.13112053], [0.49541998, 0.19677398], [0.47803748, 0.2530557], [0.45092958, 0.3034695], [0.41830677, 0.34677947], [0.3804433, 0.38143083], [0.3260489, 0.41263688], [0.25278577, 0.43975747], [0.17587174, 0.45600322], [0.096264556, 0.46180576], [0.009571239, 0.4580333], [-0.079661995, 0.4429405], [-0.17404953, 0.42043096], [-0.25925615, 0.39300853], [-0.33660695, 0.3586938], [-0.40890494, 0.32891443], [-0.40966097, 0.32860327], [-0.40966097, 0.32860327]]
[0, 0, 0, 0, 0, 0, 0, 0, 0, 0, 0, 0, 0, 0, 0, 0, 0, 0, 0, 0, 0, 0, 0, 0, 0, 0, 0, 0, 0, 0, 0, 0, 0, 0, 0, 0, 0, 0, 0, 0, 0, 0, 0, 0, 0, 0, 0, 0]
ㅇ
[[-0.4448818, 0.3442525], [-0.44779435, 0.34238088], [-0.44898584, 0.34000257], [-0.45070693, 0.33527946], [-0.4548882, 0.32135415], [-0.46250623, 0.2935492], [-0.47232348, 0.252736], [-0.48222286, 0.1994814], [-0.4910752, 0.1311748], [-0.49797457, 0.05222994], [-0.49995506, -0.023194332], [-0.49532256, -0.10705233], [-0.47553617, -0.19302553], [-0.44315833, -0.26810467], [-0.40099218, -0.33065784], [-0.35803792, -0.37767112], [-0.31668666, -0.4103166], [-0.2708567, -0.43678677], [-0.2173002, -0.46267742], [-0.16101415, -0.47809374], [-0.09900132, -0.49019003], [-0.041928083, -0.48981228], [0.023245744, -0.48279145], [0.08817964, -0.469287], [0.14783347, -0.44919947], [0.20187037, -0.42339492], [0.25081366, -0.39157242], [0.2964122, -0.35116562], [0.34384432, -0.29978868], [0.39474076, -0.2399895], [0.439926, -0.17753217], [0.4710417, -0.10591684], [0.4889309, -0.033522945], [0.49758118, 0.035024248], [0.4915151, 0.10570915], [0.46971926, 0.17495087], [0.43622664, 0.23972912], [0.39471883, 0.3013529], [0.34564245, 0.3526388], [0.28258637, 0.3972705], [0.20908844, 0.43859428], [0.14150785, 0.4640432], [0.06840257, 0.47930664], [-0.0030514412, 0.4879168], [-0.07078925, 0.4871357], [-0.13595457, 0.4758797], [-0.20200938, 0.45577872], [-0.25613785, 0.43578115], [-0.25675744, 0.43555167], [-0.25675744, 0.43555167]]
[0, 0, 0, 0, 0, 0, 0, 0, 0, 0, 0, 0, 0, 0, 0, 0, 0, 0, 0, 0, 0, 0, 0, 0, 0, 0, 0, 0, 0, 0, 0, 0, 0, 0, 0, 0, 0, 0, 0, 0, 0, 0, 0, 0, 0]
ㅇ
[[-0.12725185, 0.49125296], [-0.13034119, 0.49492788], [-0.13311595, 0.49716365], [-0.13757871, 0.49908763], [-0.14211288, 0.5], [-0.14849466, 0.49910745], [-0.1654532, 0.4887538], [-0.19246818, 0.46638793], [-0.22319043, 0.43040872], [-0.2684756, 0.36767542], [-0.32343394, 0.28286526], [-0.36552685, 0.19794042], [-0.40249357, 0.10581931], [-0.42972314, 0.0137060415], [-0.44611007, -0.06693564], [-0.45024619, -0.13980384], [-0.4466449, -0.2074515], [-0.43087906, -0.2631581], [-0.40597254, -0.31008896], [-0.3685984, -0.35334462], [-0.32222497, -0.3919707], [-0.26668337, -0.42696342], [-0.19808728, -0.45888394], [-0.1277819, -0.48280382], [-0.053984053, -0.4959835], [0.024516217, -0.49807605], [0.09896068, -0.4900819], [0.17277944, -0.47185558], [0.24367867, -0.44370797], [0.30443496, -0.4086381], [0.35531202, -0.36847413], [0.39370704, -0.32213247], [0.42185083, -0.2641658], [0.4412133, -0.19786897], [0.44951254, -0.12759243], [0.44905916, -0.052082267], [0.4413117, 0.029497271], [0.42693505, 0.109880485], [0.40685472, 0.18773589], [0.3806205, 0.26203176], [0.34589472, 0.3275731], [0.3094963, 0.3843474], [0.2728307, 0.4224192], [0.22772439, 0.44885728], [0.1535616, 0.46773687], [0.07884645, 0.46454254], [-0.0041916296, 0.45139784], [-0.08393231, 0.41906038], [-0.0878743, 0.41739583], [-0.08789019, 0.4173891]]
[0, 0, 0, 0, 0, 0, 0, 0, 0, 0, 0, 0, 0, 0, 0, 0, 0, 0, 0, 0, 0, 0, 0, 0, 0, 0, 0, 0, 0, 0, 0, 0, 0, 0, 0, 0, 0, 0, 0, 0, 0, 0, 0, 0, 0, 0, 0, 0, 0, 0, 0]
