ㅈ
[[-0.4939902, 0.3901598], [-0.48888883, 0.39652747], [-0.48410165, 0.39929247], [-0.47410923, 0.40344673], [-0.4373781, 0.41431433], [-0.346381, 0.4375255], [-0.25353846, 0.457521], [-0.1545073, 0.47700173], [-0.061337486, 0.4878571], [0.023964174, 0.49576333], [0.099047, 0.49939466], [0.15481262, 0.4987578], [0.19584048, 0.49285206], [0.22360767, 0.48115456], [0.24509747, 0.46730095], [0.2603443, 0.4473299], [0.26714933, 0.41964635], [0.2620174, 0.3794036], [0.23935278, 0.32572997], [0.20197557, 0.25431848], [0.15083244, 0.17851247], [0.08649737, 0.09500844], [0.018867623, 0.0057718977], [-0.04824353, -0.085635394], [-0.10844459, -0.17037284], [-0.16220228, -0.24869199], [-0.20661044, -0.31300446], [-0.24959882, -0.36764863], [-0.28201532, -0.40932924], [-0.3043611, -0.4389251], [-0.32190123, -0.4632557], [-0.3363371, -0.48287204], [-0.34399274, -0.49363676], [-0.3456841, -0.49676892], [-0.1265627, -0.2857928], [0.05520202, -0.11488819], [0.058911927, -0.11689418], [0.065406926, -0.12222858], [0.07557738, -0.13007547], [0.0979072, -0.14862908], [0.16280505, -0.20318176], [0.2393328, -0.26769632], [0.30205226, -0.3245737], [0.35761636, -0.37743586], [0.39977756, -0.41460297], [0.43022066, -0.44443315], [0.455828, -0.4683976], [0.47898683, -0.48905614], [0.4925659, -0.49907684], [0.4939902, -0.5]]
[0, 0, 0, 0, 0, 0, 0, 0, 0, 0, 0, 0, 0, 0, 0, 0, 0, 0, 0, 0, 0, 0, 0, 0, 0, 0, 0, 0, 0, 0, 0, 0, 0, 0, 0, 0, 0, 0, 0, 0, 1, 1, 1, 1, 1, 1, 1, 1, 1, 1, 1, 1, 1, 1, 1, 1, 1, 1]
ㅈ
[[-0.47493735, 0.35739347], [-0.47561193, 0.36285442], [-0.4746731, 0.36603186], [-0.471016, 0.3708057], [-0.46348864, 0.3774171], [-0.43454605, 0.39252335], [-0.3548133, 0.42305446], [-0.26737678, 0.45000863], [-0.17226598, 0.4640801], [-0.0631444, 0.4723157], [0.034108527, 0.48131552], [0.11672423, 0.48839447], [0.1765542, 0.4857545], [0.20848492, 0.4718815], [0.22905962, 0.45797494], [0.24374713, 0.43951488], [0.24888304, 0.41551426], [0.24456653, 0.38267732], [0.22778636, 0.33642182], [0.18224065, 0.26542613], [0.11714886, 0.17872153], [0.0404678, 0.08845392], [-0.044524416, -0.009762518], [-0.13225499, -0.10632061], [-0.21612893, -0.20135182], [-0.28752172, -0.28721577], [-0.34922564, -0.35348362], [-0.40043986, -0.40460753], [-0.44188026, -0.4404274], [-0.46636534, -0.46105385], [-0.48351324, -0.47585163], [-0.49443337, -0.48475346], [-0.49902818, -0.4884475], [-0.5, -0.48916736], [-0.18835288, -0.24876994], [0.06617735, -0.05156542], [0.07399473, -0.05570664], [0.0788877, -0.059616547], [0.09335124, -0.06919612], [0.13640267, -0.09987379], [0.19608757, -0.1434968], [0.2544725, -0.18624035], [0.31823266, -0.23030007], [0.38005057, -0.27536768], [0.4190628, -0.30715555], [0.44718447, -0.33176723], [0.4693368, -0.3580922], [0.48792383, -0.3835783], [0.49884063, -0.40164697], [0.5, -0.4037687]]
[0, 0, 0, 0, 0, 0, 0, 0, 0, 0, 0, 0, 0, 0, 0, 0, 0, 0, 0, 0, 0, 0, 0, 0, 0, 0, 0, 0, 0, 0, 0, 0, 0, 0, 0, 0, 0, 0, 0, 0, 1, 1, 1, 1, 1, 1, 1, 1, 1, 1, 1, 1, 1, 1, 1, 1, 1, 1]
ㅈ
[[-0.41671628, 0.45069644], [-0.41176513, 0.4572598], [-0.40411976, 0.46076187], [-0.38957086, 0.46579456], [-0.36814192, 0.47082728], [-0.29455203, 0.48304853], [-0.14716248, 0.49841174], [-0.040526964, 0.4995238], [0.04382594, 0.49437377], [0.10505967, 0.4822232], [0.15602067, 0.46465045], [0.18816572, 0.44974983], [0.20377298, 0.43796158], [0.21746778, 0.41930273], [0.2244025, 0.3942086], [0.22021219, 0.3631222], [0.20270191, 0.3155353], [0.17097515, 0.24623846], [0.12773474, 0.17299218], [0.07178523, 0.09407996], [0.009472575, 0.011569496], [-0.0632755, -0.073853336], [-0.1368037, -0.15683617], [-0.2049593, -0.23548588], [-0.2713269, -0.30394813], [-0.32544428, -0.36301708], [-0.3624903, -0.40960714], [-0.39049727, -0.44217262], [-0.409082, -0.46551433], [-0.4212613, -0.48292348], [-0.4286334, -0.49239886], [-0.43019524, -0.49725804], [-0.42569706, -0.49979174], [-0.39997238, -0.4734475], [-0.013108339, -0.065541334], [-0.008920324, -0.06268207], [-0.0055446634, -0.061546758], [-2.4990458E-4, -0.06189384], [0.00788747, -0.06373338], [0.03356805, -0.07840196], [0.07388474, -0.108990856], [0.123208836, -0.15139434], [0.18432914, -0.20486031], [0.24277312, -0.26014516], [0.2986238, -0.30729312], [0.34046432, -0.34232467], [0.37744445, -0.37401456], [0.409599, -0.40666598], [0.42906845, -0.42490068], [0.43125734, -0.4268695]]
[0, 0, 0, 0, 0, 0, 0, 0, 0, 0, 0, 0, 0, 0, 0, 0, 0, 0, 0, 0, 0, 0, 0, 0, 0, 0, 0, 0, 0, 0, 0, 0, 0, 0, 0, 0, 0, 0, 0, 0, 1, 1, 1, 1, 1, 1, 1, 1, 1, 1, 1, 1, 1, 1, 1, 1, 1, 1, 1]
ㅈ
[[-0.32291844, 0.42961374], [-0.32127938, 0.4349892], [-0.31938687, 0.4396514], [-0.31425506, 0.4465359], [-0.30416483, 0.4538933], [-0.25367647, 0.47064292], [-0.1557084, 0.49425244], [-0.06278699, 0.49996322], [0.024824796, 0.49594185], [0.11800294, 0.49658442], [0.19890685, 0.49660543], [0.27672088, 0.48905948], [0.3404714, 0.48166806], [0.38102162, 0.47142538], [0.4050164, 0.45760408], [0.41923273, 0.44205132], [0.425949, 0.42526934], [0.4253184, 0.4045984], [0.41521618, 0.37622172], [0.37962887, 0.32595587], [0.32080743, 0.25635624], [0.24808842, 0.17662957], [0.16916895, 0.09127613], [0.08258332, 0.003982137], [-0.0044446755, -0.08923811], [-0.088663414, -0.17652908], [-0.17003375, -0.25778997], [-0.23958859, -0.32812628], [-0.29694352, -0.38365027], [-0.33961794, -0.42580855], [-0.37121755, -0.45903003], [-0.39509863, -0.48430595], [-0.4086853, -0.4963388], [-0.41877553, -0.499492], [-0.42579135, -0.49945694], [-0.4272103, -0.49914163], [0.10757117, -0.04420601], [0.111497484, -0.04571297], [0.12126956, -0.055170454], [0.14205918, -0.07671889], [0.16570815, -0.10383637], [0.18881607, -0.1350868], [0.21722487, -0.17136672], [0.24702388, -0.21211609], [0.27506834, -0.25075975], [0.2984872, -0.28280562], [0.32362, -0.31021932], [0.3425944, -0.3313918], [0.35637382, -0.34747306], [0.35845494, -0.34978542]]
[0, 0, 0, 0, 0, 0, 0, 0, 0, 0, 0, 0, 0, 0, 0, 0, 0, 0, 0, 0, 0, 0, 0, 0, 0, 0, 0, 0, 0, 0, 0, 0, 0, 0, 0, 0, 0, 0, 0, 0, 0, 0, 0, 0, 1, 1, 1, 1, 1, 1, 1, 1, 1, 1, 1, 1, 1, 1, 1, 1, 1]
ㅈ
[[-0.4312324, 0.4026401], [-0.42558342, 0.41310382], [-0.4185425, 0.41990778], [-0.40490228, 0.4302187], [-0.38455376, 0.44164765], [-0.32412863, 0.4622198], [-0.18909714, 0.4924221], [-0.07917141, 0.5], [0.010845097, 0.49708062], [0.07901048, 0.4852343], [0.14018957, 0.4675668], [0.18249175, 0.45021445], [0.21096306, 0.43218789], [0.23159814, 0.41067347], [0.24731295, 0.38437858], [0.25430936, 0.34914738], [0.2449259, 0.29881424], [0.2120528, 0.2405852], [0.15763521, 0.16768652], [0.09490465, 0.0875385], [0.02122948, 0.0021391585], [-0.052577555, -0.087029114], [-0.12403769, -0.17327307], [-0.19249156, -0.2493901], [-0.25027913, -0.31729305], [-0.29683197, -0.37343937], [-0.3304902, -0.41447988], [-0.35341758, -0.4447542], [-0.3702164, -0.46906596], [-0.38024923, -0.48509264], [-0.38449785, -0.49627316], [-0.38505688, -0.5], [-0.19767094, -0.23663604], [-0.05400045, -0.040356684], [-0.0514748, -0.041598964], [-0.04813211, -0.04346238], [-0.041116294, -0.047958363], [-0.019572604, -0.06612021], [0.01607226, -0.09671338], [0.07294645, -0.14088482], [0.13794637, -0.19342065], [0.19725953, -0.24305956], [0.25928727, -0.2960451], [0.3102161, -0.34104252], [0.35031646, -0.37163156], [0.37577942, -0.3962038], [0.39724824, -0.4149751], [0.41865432, -0.4322958], [0.43017024, -0.44322786], [0.4312324, -0.4443459]]
[0, 0, 0, 0, 0, 0, 0, 0, 0, 0, 0, 0, 0, 0, 0, 0, 0, 0, 0, 0, 0, 0, 0, 0, 0, 0, 0, 0, 0, 0, 0, 0, 0, 0, 0, 0, 0, 1, 1, 1, 1, 1, 1, 1, 1, 1, 1, 1, 1, 1, 1, 1, 1, 1, 1, 1, 1]
