ㅊ
[[-0.16772634, 0.4997968], [-0.16795233, 0.49989218], [-0.16839525, 0.49893624], [-0.16786717, 0.4970429], [-0.15597557, 0.4899201], [-0.13190039, 0.47264883], [-0.09702559, 0.45093274], [-0.056668624, 0.4290883], [-0.02250416, 0.4110965], [-0.015916692, 0.407791], [-0.41101623, 0.15718497], [-0.41140953, 0.15998356], [-0.4078475, 0.16223866], [-0.39955992, 0.16527422], [-0.33394212, 0.17270072], [-0.22901765, 0.18359777], [-0.12762748, 0.18614078], [-0.031245604, 0.18851039], [0.054213557, 0.18767388], [0.13352215, 0.18533368], [0.1962972, 0.17946205], [0.23923193, 0.16233099], [0.26476026, 0.14300244], [0.279577, 0.12128978], [0.2843932, 0.099039376], [0.28042904, 0.071084715], [0.25667912, 0.02889854], [0.20181568, -0.038494814], [0.12403733, -0.11957982], [0.041040346, -0.19827254], [-0.04260128, -0.27621916], [-0.115898736, -0.34394124], [-0.17419362, -0.39969525], [-0.21275002, -0.43553245], [-0.24192832, -0.46351072], [-0.2646282, -0.4864182], [-0.27813333, -0.5], [-0.04282868, -0.30888468], [0.09761241, -0.20016548], [0.10499676, -0.2055817], [0.12331494, -0.22167417], [0.15950301, -0.24875253], [0.20901006, -0.2889242], [0.2645122, -0.33566254], [0.3155179, -0.37440264], [0.3620991, -0.41386124], [0.39460075, -0.4391252], [0.40585828, -0.4469775], [0.41081205, -0.4512432], [0.41191047, -0.45246366]]
[0, 0, 0, 0, 0, 0, 0, 0, 0, 0, 0, 0, 0, 0, 0, 1, 1, 1, 1, 1, 1, 1, 1, 1, 1, 1, 1, 1, 1, 1, 1, 1, 1, 1, 1, 1, 1, 1, 1, 1, 1, 1, 1, 1, 1, 1, 1, 1, 1, 1, 1, 1, 1, 1, 1, 1, 1, 2, 2, 2, 2, 2, 2, 2, 2, 2, 2, 2, 2, 2, 2, 2, 2, 2, 2, 2]
ㅊ
[[-0.108641975, 0.5], [-0.10600968, 0.4969779], [-0.10075899, 0.49323246], [-0.07603851, 0.47584578], [-0.040342916, 0.45367458], [0.0030959193, 0.42454156], [0.043204136, 0.399218], [0.07493017, 0.37776476], [0.10274837, 0.35817367], [0.10987654, 0.3532236], [-0.42692006, 0.071038045], [-0.41885766, 0.08105204], [-0.40545478, 0.0893732], [-0.38259637, 0.09882142], [-0.26527333, 0.13020185], [-0.11599627, 0.1591092], [-0.002005428, 0.17205621], [0.08929297, 0.17626971], [0.16045128, 0.17389296], [0.21891706, 0.16607963], [0.2499069, 0.15291728], [0.26829803, 0.13972174], [0.27398586, 0.12750202], [0.27374023, 0.1041824], [0.25503147, 0.074285895], [0.2025947, 0.018324874], [0.12401374, -0.05974982], [0.03742367, -0.14107639], [-0.058370434, -0.22528908], [-0.15554154, -0.30569923], [-0.24423185, -0.3780011], [-0.31070703, -0.42990622], [-0.35753042, -0.46559027], [-0.37812597, -0.4853883], [-0.39617664, -0.49671063], [-0.40061727, -0.5], [0.038687482, -0.14484023], [0.04328352, -0.14645769], [0.047568657, -0.14928193], [0.054352485, -0.15443297], [0.07331504, -0.17465454], [0.11042839, -0.21051268], [0.16709632, -0.2636583], [0.23617664, -0.33223936], [0.30499598, -0.39529905], [0.35974005, -0.4357955], [0.39299932, -0.45768937], [0.41564965, -0.47277835], [0.42704713, -0.48474288], [0.42901236, -0.48765433]]
[0, 0, 0, 0, 0, 0, 0, 0, 0, 0, 0, 0, 0, 0, 0, 1, 1, 1, 1, 1, 1, 1, 1, 1, 1, 1, 1, 1, 1, 1, 1, 1, 1, 1, 1, 1, 1, 1, 1, 1, 1, 1, 1, 1, 1, 1, 1, 1, 1, 1, 1, 1, 1, 1, 1, 2, 2, 2, 2, 2, 2, 2, 2, 2, 2, 2, 2, 2, 2, 2, 2, 2, 2, 2, 2, 2]
ㅊ
[[-0.15106103, 0.49980745], [-0.15040708, 0.49991748], [-0.14678049, 0.49407455], [-0.1345723, 0.47998154], [-0.11028295, 0.4576644], [-0.07130094, 0.43272686], [-0.020871196, 0.39906895], [0.02510463, 0.36469993], [0.05280588, 0.33402067], [0.05623917, 0.32978207], [-0.37784782, 0.094722465], [-0.37060773, 0.09576047], [-0.36270526, 0.0975801], [-0.3481317, 0.100278914], [-0.29818204, 0.10524681], [-0.19479766, 0.11424217], [-0.10536435, 0.12253792], [-0.011031939, 0.13001986], [0.08009029, 0.13419265], [0.15606274, 0.13381688], [0.20840712, 0.13125181], [0.23670995, 0.12496866], [0.252156, 0.11521988], [0.25970912, 0.10287392], [0.25994268, 0.08678485], [0.2524302, 0.06388056], [0.22775036, 0.028763924], [0.16770312, -0.027872553], [0.0933635, -0.09555754], [0.00992512, -0.16733143], [-0.071182765, -0.24081822], [-0.1454109, -0.30895078], [-0.21133319, -0.3692175], [-0.26346928, -0.42126575], [-0.29770294, -0.4557402], [-0.32423732, -0.48044783], [-0.34126526, -0.49667838], [-0.3446284, -0.5], [0.06298461, -0.21475592], [0.066487886, -0.21423693], [0.07221408, -0.21703956], [0.09013953, -0.2259601], [0.13782744, -0.25378832], [0.18343472, -0.2825769], [0.23004974, -0.31043592], [0.28014106, -0.34056374], [0.31957087, -0.36368406], [0.3539463, -0.38192496], [0.37609372, -0.39226088], [0.37994137, -0.39391577]]
[0, 0, 0, 0, 0, 0, 0, 0, 0, 0, 0, 0, 0, 0, 1, 1, 1, 1, 1, 1, 1, 1, 1, 1, 1, 1, 1, 1, 1, 1, 1, 1, 1, 1, 1, 1, 1, 1, 1, 1, 1, 1, 1, 1, 1, 1, 1, 1, 1, 1, 1, 1, 1, 1, 2, 2, 2, 2, 2, 2, 2, 2, 2, 2, 2, 2, 2, 2, 2, 2, 2]
ㅊ
[[-0.107185, 0.49980518], [-0.10660503, 0.49989662], [-0.10524596, 0.49843684], [-0.09883354, 0.48985815], [-0.07757342, 0.46612328], [-0.047852084, 0.43258232], [-0.007945076, 0.3858839], [0.032881394, 0.33277956], [0.049930736, 0.30864596], [-0.059560906, 0.26395673], [-0.43714595, 0.11649137], [-0.4294354, 0.1193571], [-0.4119223, 0.12259777], [-0.38137123, 0.12705894], [-0.24883129, 0.14186758], [-0.097681016, 0.1573185], [0.031365782, 0.16235682], [0.13299936, 0.17023525], [0.22268985, 0.17907566], [0.2868936, 0.18337275], [0.3221568, 0.17872167], [0.33487475, 0.16857275], [0.33908835, 0.1504735], [0.3351388, 0.12436815], [0.31389773, 0.08412282], [0.2659605, 0.02535267], [0.19338705, -0.045360122], [0.11153996, -0.12539893], [0.02778777, -0.20560776], [-0.05332274, -0.27894038], [-0.12670456, -0.3423162], [-0.18303137, -0.39386165], [-0.22126065, -0.4297992], [-0.24942991, -0.45955914], [-0.27358675, -0.4839321], [-0.28818965, -0.49747947], [-0.2904581, -0.5], [0.10924361, -0.1818816], [0.11446649, -0.18505177], [0.12520838, -0.19379465], [0.15957853, -0.21982959], [0.20064996, -0.25475013], [0.24965458, -0.30000374], [0.29750675, -0.34670818], [0.34846377, -0.38964865], [0.3849484, -0.41961673], [0.40788817, -0.43893012], [0.42607996, -0.45491576], [0.43882653, -0.4644577], [0.44131106, -0.46618307]]
[0, 0, 0, 0, 0, 0, 0, 0, 0, 0, 0, 0, 0, 0, 1, 1, 1, 1, 1, 1, 1, 1, 1, 1, 1, 1, 1, 1, 1, 1, 1, 1, 1, 1, 1, 1, 1, 1, 1, 1, 1, 1, 1, 1, 1, 1, 1, 1, 1, 1, 1, 1, 1, 1, 2, 2, 2, 2, 2, 2, 2, 2, 2, 2, 2, 2, 2, 2, 2, 2, 2, 2, 2]
ㅊ
[[-0.058264464, 0.5], [-0.057359323, 0.49657524], [-0.05450872, 0.48549902], [-0.04698881, 0.46474785], [-0.033988908, 0.42889932], [-0.019777691, 0.3817905], [-0.018595042, 0.37741047], [-0.27255005, 0.16607645], [-0.308107, 0.13361731], [-0.30085385, 0.13605443], [-0.28685066, 0.1395401], [-0.2355321, 0.14727293], [-0.12306207, 0.160714], [-0.02803386, 0.16587114], [0.053570434, 0.16471468], [0.12054171, 0.159905], [0.1668742, 0.15143333], [0.19885209, 0.14322284], [0.22187422, 0.13318518], [0.23771293, 0.12001742], [0.24618824, 0.10412099], [0.24837662, 0.08677686], [0.2429429, 0.064779766], [0.22196107, 0.032603744], [0.18080631, -0.010483261], [0.12669101, -0.062686786], [0.06565361, -0.115248054], [0.0024363343, -0.16930145], [-0.064990476, -0.2238921], [-0.13442244, -0.2780857], [-0.20186709, -0.3312323], [-0.26256406, -0.38290668], [-0.30886638, -0.42774943], [-0.34089792, -0.45997754], [-0.3616297, -0.48236817], [-0.3751328, -0.49606454], [-0.37933883, -0.5], [-0.039315403, -0.23576221], [0.042568576, -0.17498735], [0.046980944, -0.17633665], [0.06249901, -0.18363304], [0.104077, -0.20783663], [0.1554205, -0.239678], [0.20453882, -0.27392972], [0.24937251, -0.3084249], [0.29228547, -0.33979073], [0.32956043, -0.36901376], [0.361133, -0.39536119], [0.37762225, -0.40785673], [0.37933883, -0.4090909]]
[0, 0, 0, 0, 0, 0, 0, 0, 0, 1, 1, 1, 1, 1, 1, 1, 1, 1, 1, 1, 1, 1, 1, 1, 1, 1, 1, 1, 1, 1, 1, 1, 1, 1, 1, 1, 1, 1, 1, 1, 1, 1, 1, 1, 1, 1, 1, 2, 2, 2, 2, 2, 2, 2, 2, 2, 2, 2, 2, 2, 2, 2, 2]
ㅊ
[[-0.1102649, 0.5], [-0.103005916, 0.48969135], [-0.087408215, 0.47053057], [-0.06561758, 0.4448749], [-0.04399888, 0.41702682], [-0.022306236, 0.3874895], [-0.008949502, 0.36878118], [-0.007152318, 0.36622515], [-0.31299904, 0.17019868], [-0.3119977, 0.17312583], [-0.30559638, 0.17603926], [-0.25860733, 0.18384202], [-0.169842, 0.19698013], [-0.087591246, 0.20928098], [-0.008344371, 0.2165033], [0.05290843, 0.21937749], [0.11203426, 0.21432546], [0.15858538, 0.20706989], [0.18458803, 0.19954707], [0.1993465, 0.19042574], [0.20937559, 0.17691581], [0.21248345, 0.15827815], [0.20704733, 0.13268608], [0.19149539, 0.09098187], [0.16194464, 0.041426796], [0.12060466, -0.010749619], [0.072986916, -0.07097438], [0.019504443, -0.13225737], [-0.03652456, -0.19487417], [-0.09271106, -0.2567587], [-0.14874955, -0.31318834], [-0.19253443, -0.3654456], [-0.22565505, -0.41064227], [-0.2488591, -0.445823], [-0.26633406, -0.4702752], [-0.2786424, -0.49072847], [-0.28192052, -0.5], [-0.07722741, -0.31002784], [0.08055086, -0.16754967], [0.084082305, -0.16764428], [0.090468295, -0.16906339], [0.099195845, -0.17209083], [0.12386079, -0.18341197], [0.1669076, -0.20704475], [0.1965731, -0.22731201], [0.22730516, -0.2515244], [0.26122618, -0.2787293], [0.29140976, -0.30436113], [0.31185514, -0.32148707], [0.31470197, -0.32384107]]
[0, 0, 0, 0, 0, 0, 0, 0, 0, 0, 1, 1, 1, 1, 1, 1, 1, 1, 1, 1, 1, 1, 1, 1, 1, 1, 1, 1, 1, 1, 1, 1, 1, 1, 1, 1, 1, 1, 1, 1, 1, 1, 1, 1, 1, 1, 1, 1, 2, 2, 2, 2, 2, 2, 2, 2, 2, 2, 2, 2, 2, 2, 2, 2]
