ㅋ
[[-0.48618552, 0.3622889], [-0.48017973, 0.3674017], [-0.4757909, 0.369925], [-0.4601363, 0.3753413], [-0.41011104, 0.386786], [-0.33656052, 0.40349174], [-0.25632346, 0.41976613], [-0.15159519, 0.43359962], [-0.03475783, 0.458511], [0.07796569, 0.4810049], [0.17092307, 0.49596396], [0.24534363, 0.49943355], [0.30243394, 0.49604955], [0.3440455, 0.4822164], [0.37324792, 0.46139562], [0.39337263, 0.44002336], [0.4113653, 0.41335094], [0.42858768, 0.37660357], [0.44610187, 0.3193707], [0.45783842, 0.2518951], [0.4597684, 0.17762685], [0.4593481, 0.09648332], [0.46164683, 0.0071086325], [0.4622169, -0.08175983], [0.45994377, -0.1616779], [0.46451566, -0.23754662], [0.46810114, -0.3006412], [0.47165522, -0.35123822], [0.4735128, -0.39091533], [0.476861, -0.42315584], [0.48078635, -0.45042366], [0.483768, -0.47037154], [0.48602933, -0.48379064], [0.48218697, -0.4942903], [0.47814938, -0.5], [0.274787, -0.36879846], [-0.23299684, -0.040098704], [-0.22794665, -0.03560191], [-0.22088432, -0.03125654], [-0.21047385, -0.029269336], [-0.16834366, -0.025084747], [-0.074324474, -0.015313671], [0.00923214, -0.013835739], [0.08775043, -0.015268897], [0.15843748, -0.0146285035], [0.22678429, -0.015307077], [0.29880816, -0.020165365], [0.36611086, -0.03351463], [0.38087934, -0.037372623], [0.38095057, -0.037391365]]
[0, 0, 0, 0, 0, 0, 0, 0, 0, 0, 0, 0, 0, 0, 0, 0, 0, 0, 0, 0, 0, 0, 0, 0, 0, 0, 0, 0, 0, 0, 0, 0, 0, 0, 0, 0, 0, 0, 0, 0, 1, 1, 1, 1, 1, 1, 1, 1, 1, 1, 1, 1, 1, 1, 1, 1]
ㅋ
[[-0.41133466, 0.36359546], [-0.4090692, 0.3680522], [-0.4054897, 0.3713265], [-0.39725885, 0.37591773], [-0.38061732, 0.38190934], [-0.30127648, 0.40267873], [-0.1844352, 0.42829418], [-0.080555946, 0.45461404], [0.01700345, 0.47229356], [0.102917895, 0.48644108], [0.17969428, 0.49555185], [0.24211897, 0.49976185], [0.2817987, 0.49012887], [0.309613, 0.47599795], [0.33374622, 0.45536476], [0.35110715, 0.4304727], [0.3671825, 0.3953828], [0.3797952, 0.34630144], [0.3875033, 0.28687418], [0.3920219, 0.22118346], [0.39307135, 0.15376416], [0.3947197, 0.08135009], [0.39474934, 0.0054919943], [0.39341077, -0.07421947], [0.39493224, -0.1477313], [0.3982255, -0.21846369], [0.40211183, -0.28384945], [0.405821, -0.344078], [0.40774524, -0.39636973], [0.41078928, -0.43639466], [0.41116628, -0.46772584], [0.40817475, -0.49332947], [0.40704903, -0.5], [-0.07824573, -0.17559338], [-0.23252404, -0.067620516], [-0.23074162, -0.0642627], [-0.22730929, -0.059671465], [-0.22157766, -0.05508024], [-0.19498622, -0.047501836], [-0.1362091, -0.039309323], [-0.071838096, -0.035998918], [2.8810278E-4, -0.039515086], [0.07207624, -0.043393336], [0.14256814, -0.047717392], [0.20874558, -0.051506486], [0.26070327, -0.058279615], [0.29914272, -0.063902184], [0.31857762, -0.07245937], [0.32793918, -0.08170938], [0.32932544, -0.08344219]]
[0, 0, 0, 0, 0, 0, 0, 0, 0, 0, 0, 0, 0, 0, 0, 0, 0, 0, 0, 0, 0, 0, 0, 0, 0, 0, 0, 0, 0, 0, 0, 0, 0, 0, 0, 0, 0, 0, 0, 0, 0, 0, 1, 1, 1, 1, 1, 1, 1, 1, 1, 1, 1, 1, 1, 1, 1, 1, 1, 1, 1, 1, 1]
ㅋ
[[-0.48052254, 0.3741973], [-0.4765471, 0.3810655], [-0.4715188, 0.38578546], [-0.46202734, 0.39198804], [-0.44380206, 0.3989124], [-0.3584857, 0.4232122], [-0.23399556, 0.44973508], [-0.11831186, 0.46974275], [-0.0029557776, 0.4811288], [0.0985089, 0.49129504], [0.18869941, 0.4993991], [0.2636241, 0.49555814], [0.32613412, 0.48968977], [0.3669963, 0.4826018], [0.39702877, 0.4679377], [0.41735473, 0.4496669], [0.4333204, 0.42475167], [0.44508854, 0.395374], [0.4552281, 0.354044], [0.4642807, 0.30300403], [0.46964717, 0.23760371], [0.46950996, 0.16246116], [0.4676657, 0.080231234], [0.46327212, -0.007927829], [0.4586202, -0.09359018], [0.4535077, -0.17733528], [0.44727433, -0.2519298], [0.44105828, -0.31316635], [0.432261, -0.3606729], [0.42665833, -0.40018862], [0.42555135, -0.43095914], [0.42394906, -0.457615], [0.4186368, -0.48265946], [0.41183895, -0.49799916], [0.39756772, -0.49052918], [-0.2301046, -0.03466327], [-0.22519365, -0.030332126], [-0.21663019, -0.0267363], [-0.20125626, -0.022601236], [-0.16444117, -0.017268604], [-0.05296655, -0.008020598], [0.061170604, -0.0034802805], [0.15791014, -0.007886445], [0.23537554, -0.020895885], [0.30166164, -0.03209053], [0.3609463, -0.04036289], [0.41786546, -0.058118723], [0.45623913, -0.0779286], [0.47795737, -0.09294537], [0.48052254, -0.09476462]]
[0, 0, 0, 0, 0, 0, 0, 0, 0, 0, 0, 0, 0, 0, 0, 0, 0, 0, 0, 0, 0, 0, 0, 0, 0, 0, 0, 0, 0, 0, 0, 0, 0, 0, 0, 0, 0, 0, 0, 0, 0, 0, 0, 0, 1, 1, 1, 1, 1, 1, 1, 1, 1, 1, 1, 1, 1, 1, 1, 1, 1, 1, 1]
ㅋ
[[-0.44560975, 0.39593497], [-0.4400402, 0.40126064], [-0.43411896, 0.4062386], [-0.42330763, 0.41335654], [-0.39656863, 0.4232409], [-0.30901593, 0.45007747], [-0.20753068, 0.472001], [-0.11330279, 0.48687804], [-0.012834303, 0.4959625], [0.08742324, 0.4987725], [0.16911978, 0.5], [0.24468248, 0.49763465], [0.3046878, 0.48517066], [0.34929952, 0.46993375], [0.38363087, 0.44065794], [0.4055333, 0.41612425], [0.42279473, 0.3777762], [0.436867, 0.32921067], [0.44447201, 0.26422155], [0.44382507, 0.18358418], [0.43853068, 0.09718428], [0.4321756, 0.007310087], [0.426135, -0.08282028], [0.41917667, -0.17001864], [0.41538233, -0.24431857], [0.4153508, -0.30793828], [0.41695318, -0.36467493], [0.42181486, -0.4071396], [0.42522272, -0.4400805], [0.42816478, -0.46627152], [0.43167746, -0.48471877], [0.4338875, -0.49547037], [0.43929318, -0.49966815], [0.44560975, -0.5], [0.13142228, -0.30952302], [-0.32083404, -0.03116434], [-0.31709057, -0.028388916], [-0.30956447, -0.024406837], [-0.2979094, -0.021735525], [-0.25316027, -0.013723422], [-0.13755725, -0.0048903325], [-0.043887705, -0.010850513], [0.051633522, -0.015191639], [0.13235933, -0.021072838], [0.20786545, -0.025932968], [0.2781894, -0.029322378], [0.32804647, -0.038548406], [0.35555023, -0.056414306], [0.3758355, -0.07957137], [0.3790244, -0.08373984]]
[0, 0, 0, 0, 0, 0, 0, 0, 0, 0, 0, 0, 0, 0, 0, 0, 0, 0, 0, 0, 0, 0, 0, 0, 0, 0, 0, 0, 0, 0, 0, 0, 0, 0, 0, 0, 0, 0, 0, 0, 0, 0, 0, 0, 0, 1, 1, 1, 1, 1, 1, 1, 1, 1, 1, 1, 1, 1, 1, 1, 1, 1, 1, 1, 1]
ㅋ
[[-0.4451599, 0.3247312], [-0.4343055, 0.33205754], [-0.42371103, 0.33712646], [-0.40305078, 0.34576112], [-0.3365453, 0.37071592], [-0.18081857, 0.41990113], [-0.05659248, 0.4554768], [0.05671768, 0.47561076], [0.15326378, 0.49062306], [0.22959763, 0.499115], [0.30306283, 0.49821198], [0.35031, 0.49482], [0.37703842, 0.48378322], [0.39822856, 0.46394497], [0.4148658, 0.4371829], [0.42713758, 0.40137127], [0.43750367, 0.34106576], [0.44369468, 0.26542544], [0.44413212, 0.18338807], [0.44152147, 0.09650209], [0.435896, 0.002583289], [0.429067, -0.0895538], [0.42555696, -0.17743659], [0.42209175, -0.25532955], [0.41821682, -0.32382536], [0.41778654, -0.37825558], [0.417299, -0.41423988], [0.41749883, -0.44302022], [0.41744453, -0.4684603], [0.41634446, -0.48638165], [0.41413465, -0.4959656], [0.41329676, -0.49939758], [0.41302568, -0.5], [-0.08380753, -0.15300536], [-0.2561612, -0.023109384], [-0.25148737, -0.020035578], [-0.2437983, -0.016037697], [-0.23329976, -0.013299423], [-0.19346456, -0.01182076], [-0.095297724, -0.0133005185], [-0.011499207, -0.019580292], [0.070939824, -0.026693234], [0.14148857, -0.036310423], [0.20231372, -0.044268284], [0.24946168, -0.045590166], [0.27966475, -0.052886657], [0.30492002, -0.05822271], [0.32202882, -0.067729875], [0.33329263, -0.07954736], [0.3349356, -0.08137288]]
[0, 0, 0, 0, 0, 0, 0, 0, 0, 0, 0, 0, 0, 0, 0, 0, 0, 0, 0, 0, 0, 0, 0, 0, 0, 0, 0, 0, 0, 0, 0, 0, 0, 0, 0, 0, 0, 0, 0, 0, 1, 1, 1, 1, 1, 1, 1, 1, 1, 1, 1, 1, 1, 1, 1, 1, 1, 1, 1, 1]
