ㅌ
[[-0.36509097, 0.44025055], [-0.3613695, 0.4406686], [-0.35671908, 0.44194025], [-0.34616798, 0.44361255], [-0.3040102, 0.44941434], [-0.1858533, 0.46296546], [-0.06903361, 0.47220072], [0.04045386, 0.48309708], [0.14061704, 0.49269947], [0.22766307, 0.49725544], [0.28941426, 0.49971586], [0.31576756, 0.4996691], [0.33347684, 0.4954013], [0.33781958, 0.49146444], [-0.2343862, 0.10955495], [-0.31980088, 0.04619978], [-0.30936453, 0.048185624], [-0.28801146, 0.0507289], [-0.22262597, 0.057780385], [-0.061385073, 0.07742875], [0.062299464, 0.09016881], [0.15178707, 0.0980467], [0.2118604, 0.105363235], [0.25032678, 0.11080166], [0.2776873, 0.11734731], [0.2832768, 0.121017344], [-0.19872004, 0.3104046], [-0.37756932, 0.37707055], [-0.3805649, 0.37440413], [-0.38253245, 0.3678369], [-0.38108766, 0.3353103], [-0.37300748, 0.23169121], [-0.35693368, 0.11725677], [-0.3373389, -0.008753061], [-0.33307266, -0.12690452], [-0.32489175, -0.23894063], [-0.313447, -0.32993656], [-0.2988783, -0.39639276], [-0.28065103, -0.43642807], [-0.25647178, -0.4645116], [-0.21685374, -0.48377502], [-0.16023584, -0.49687827], [-0.08120583, -0.49930224], [0.013096872, -0.49328694], [0.106794715, -0.48379463], [0.20109609, -0.47271532], [0.2784301, -0.46018478], [0.3461488, -0.45766917], [0.3808813, -0.4560994], [0.38314387, -0.45599243]]
[0, 0, 0, 0, 0, 0, 0, 0, 0, 0, 0, 0, 0, 0, 0, 0, 0, 0, 0, 0, 0, 1, 1, 1, 1, 1, 1, 1, 1, 1, 1, 1, 1, 1, 1, 1, 1, 1, 1, 2, 2, 2, 2, 2, 2, 2, 2, 2, 2, 2, 2, 2, 2, 2, 2, 2, 2, 2, 2, 2, 2, 2, 2, 2, 2, 2, 2, 2, 2, 2, 2, 2, 2, 2]
ㅌ
[[-0.20160216, 0.48492068], [-0.20152475, 0.49230158], [-0.19979027, 0.49543506], [-0.19384708, 0.49707085], [-0.16531096, 0.49825144], [-0.10609978, 0.49978873], [-0.022209346, 0.49569967], [0.066800095, 0.4862204], [0.16107258, 0.48160037], [0.23611447, 0.48423004], [0.29646516, 0.48663253], [0.32975364, 0.48528832], [0.34738293, 0.48089758], [0.35460776, 0.4782217], [0.28013867, 0.40762782], [-0.16548306, -0.012372556], [-0.15550363, -0.008151503], [-0.13627134, -0.0023109117], [-0.10874488, 0.0047573], [-0.022149019, 0.020851705], [0.14412044, 0.05015348], [0.24529883, 0.06415063], [0.31753775, 0.06450123], [0.3509649, 0.06305684], [0.3632848, 0.05968117], [0.23098767, 0.12736094], [-0.36339027, 0.42458805], [-0.36443466, 0.41556153], [-0.35989085, 0.36480722], [-0.3507469, 0.26841405], [-0.33810735, 0.16159831], [-0.33350047, 0.027890943], [-0.33458015, -0.11119876], [-0.33278137, -0.23681498], [-0.32689095, -0.33562014], [-0.31866363, -0.40501827], [-0.29258242, -0.4522236], [-0.26260963, -0.4809651], [-0.22612086, -0.49558687], [-0.17789608, -0.49981996], [-0.10954337, -0.49483204], [-0.036167257, -0.4794985], [0.03668928, -0.46045807], [0.10577002, -0.4430261], [0.1614093, -0.4310612], [0.20006387, -0.4226853], [0.22874297, -0.41901687], [0.25698733, -0.42067143], [0.27980608, -0.42955065], [0.2837938, -0.43176606]]
[0, 0, 0, 0, 0, 0, 0, 0, 0, 0, 0, 0, 0, 0, 0, 0, 0, 0, 0, 0, 1, 1, 1, 1, 1, 1, 1, 1, 1, 1, 1, 1, 1, 1, 1, 2, 2, 2, 2, 2, 2, 2, 2, 2, 2, 2, 2, 2, 2, 2, 2, 2, 2, 2, 2, 2, 2, 2, 2, 2, 2, 2, 2, 2, 2, 2, 2, 2]
ㅌ
[[-0.29900023, 0.4733096], [-0.29174826, 0.4788713], [-0.27878633, 0.4809899], [-0.24485226, 0.48513117], [-0.11536507, 0.49370635], [0.014394626, 0.49996588], [0.12828436, 0.4992091], [0.2192342, 0.49671325], [0.29700592, 0.49374974], [0.3514193, 0.4838766], [0.37860292, 0.4734008], [0.3959522, 0.45562497], [0.3992204, 0.45017794], [-0.32122302, -0.070701845], [-0.31476566, -0.06882689], [-0.30378813, -0.065509476], [-0.28327194, -0.06175103], [-0.2185384, -0.051548943], [-0.067042485, -0.03131309], [0.050102655, -0.014295881], [0.15791325, -0.0060116933], [0.23897853, 0.0019827138], [0.30367795, 0.010254918], [0.3425625, 0.010676157], [0.36446843, 0.009968045], [0.37359765, 0.008896797], [-0.0965336, 0.3030352], [-0.39887312, 0.48102912], [-0.3989167, 0.46342054], [-0.39803502, 0.39165562], [-0.39547393, 0.28585285], [-0.39596638, 0.15881476], [-0.39582273, 0.016281363], [-0.3943457, -0.11827904], [-0.3893123, -0.23493761], [-0.37835422, -0.32021347], [-0.36018366, -0.38706708], [-0.33686155, -0.43188837], [-0.30621544, -0.4625805], [-0.25436142, -0.48624787], [-0.18996494, -0.49777475], [-0.11232865, -0.4999065], [-0.028345967, -0.49370107], [0.05052401, -0.48369378], [0.12597272, -0.4736713], [0.19213109, -0.4668228], [0.24599183, -0.46100333], [0.2994251, -0.4615566], [0.34074372, -0.46743023], [0.3439713, -0.46797153]]
[0, 0, 0, 0, 0, 0, 0, 0, 0, 0, 0, 0, 0, 0, 0, 0, 0, 0, 1, 1, 1, 1, 1, 1, 1, 1, 1, 1, 1, 1, 1, 1, 1, 1, 1, 1, 1, 2, 2, 2, 2, 2, 2, 2, 2, 2, 2, 2, 2, 2, 2, 2, 2, 2, 2, 2, 2, 2, 2, 2, 2, 2, 2, 2, 2, 2, 2, 2, 2, 2]
ㅌ
[[-0.31379873, 0.4375], [-0.308227, 0.44527605], [-0.29711232, 0.45080176], [-0.27711326, 0.45876458], [-0.21185987, 0.4769712], [-0.06468002, 0.49697486], [0.048164964, 0.49999672], [0.1416759, 0.48986736], [0.20934181, 0.47646058], [0.25148562, 0.4647217], [0.29014233, 0.44291502], [0.307362, 0.43214285], [-0.1354874, -0.030138046], [-0.19177593, -0.092678845], [-0.18488291, -0.09043367], [-0.1711238, -0.08626093], [-0.12377494, -0.07871392], [-0.013174588, -0.065596215], [0.07326189, -0.060727406], [0.1543442, -0.061947625], [0.22407645, -0.059363034], [0.2788173, -0.05733086], [0.31964868, -0.056301855], [0.34726992, -0.055120263], [0.36628506, -0.05311589], [0.37566555, -0.051785715], [-0.16453242, 0.30769026], [-0.36202064, 0.43190852], [-0.36298877, 0.42499998], [-0.3655946, 0.38569403], [-0.3699278, 0.2935105], [-0.37273854, 0.1829012], [-0.37513286, 0.049088903], [-0.37500674, -0.07922339], [-0.37359285, -0.19997811], [-0.3681363, -0.29126784], [-0.35636804, -0.36614296], [-0.34021467, -0.41610283], [-0.31516007, -0.45124722], [-0.2726011, -0.48323265], [-0.21609817, -0.49687335], [-0.14540954, -0.49985835], [-0.059251986, -0.49622014], [0.016020354, -0.487203], [0.086432934, -0.47769722], [0.14877515, -0.47327217], [0.20084687, -0.4692964], [0.2532887, -0.46913898], [0.29524368, -0.47118732], [0.30012983, -0.47142857]]
[0, 0, 0, 0, 0, 0, 0, 0, 0, 0, 0, 0, 0, 0, 0, 0, 0, 0, 1, 1, 1, 1, 1, 1, 1, 1, 1, 1, 1, 1, 1, 1, 1, 1, 1, 1, 1, 1, 1, 2, 2, 2, 2, 2, 2, 2, 2, 2, 2, 2, 2, 2, 2, 2, 2, 2, 2, 2, 2, 2, 2, 2, 2, 2, 2, 2, 2, 2, 2, 2, 2, 2, 2, 2]
ㅌ
[[-0.28417957, 0.42492738], [-0.27028358, 0.4300187], [-0.23047833, 0.4350749], [-0.12204114, 0.45034704], [-0.01951795, 0.4640815], [0.06400901, 0.47965574], [0.14685047, 0.48734978], [0.21130794, 0.49568436], [0.25756586, 0.49944872], [0.28264248, 0.49640846], [0.29834235, 0.48475382], [0.3087964, 0.47963145], [-0.11490509, 0.15492088], [-0.3566557, -0.0349568], [-0.3522896, -0.033966154], [-0.3435274, -0.032751232], [-0.31333262, -0.029264508], [-0.21542093, -0.017812122], [-0.120729074, -0.0075558387], [-0.021671906, 0.0027932709], [0.06794783, 0.009670677], [0.15563947, 0.01736603], [0.2362565, 0.02637545], [0.30402976, 0.03129504], [0.34174553, 0.03525152], [0.36686972, 0.036797464], [0.3768547, 0.038781058], [-0.12879518, 0.26524806], [-0.3733168, 0.36709392], [-0.3734562, 0.35886222], [-0.3758507, 0.31049576], [-0.37211514, 0.2016868], [-0.36447933, 0.09115311], [-0.3573975, -0.019986063], [-0.35101053, -0.13580528], [-0.34709418, -0.23818918], [-0.3334157, -0.3294263], [-0.31680405, -0.40073174], [-0.28708643, -0.4485617], [-0.24861543, -0.4707324], [-0.18790945, -0.48659062], [-0.12850276, -0.49788642], [-0.050756153, -0.49901572], [0.027516264, -0.4926482], [0.10879609, -0.48736563], [0.18733987, -0.48018384], [0.2551004, -0.4707505], [0.3176488, -0.46829832], [0.35040486, -0.47260827], [0.35223785, -0.47286284]]
[0, 0, 0, 0, 0, 0, 0, 0, 0, 0, 0, 0, 0, 0, 0, 0, 0, 0, 1, 1, 1, 1, 1, 1, 1, 1, 1, 1, 1, 1, 1, 1, 1, 1, 1, 1, 1, 1, 1, 1, 2, 2, 2, 2, 2, 2, 2, 2, 2, 2, 2, 2, 2, 2, 2, 2, 2, 2, 2, 2, 2, 2, 2, 2, 2, 2, 2, 2, 2, 2, 2, 2, 2]
ㅌ
[[-0.2856599, 0.4690346], [-0.27405903, 0.4728774], [-0.2604759, 0.47626483], [-0.23344345, 0.48124605], [-0.15474877, 0.49009496], [-1.1972338E-4, 0.49996987], [0.115579806, 0.49830714], [0.20613758, 0.49455634], [0.28490958, 0.4928831], [0.3383517, 0.4830071], [0.37023962, 0.47098747], [0.38446388, 0.45907217], [0.38647124, 0.45628417], [-0.31951612, 0.0063752276], [-0.31313795, 0.007155868], [-0.30412763, 0.008512694], [-0.28882986, 0.010631575], [-0.20709085, 0.019809391], [-0.08522369, 0.028999664], [0.019460898, 0.040202964], [0.10928924, 0.045668185], [0.18656048, 0.0533966], [0.2535296, 0.059982564], [0.30681956, 0.06255046], [0.34581697, 0.06121253], [0.36390516, 0.059198543], [0.36761877, 0.059198543], [-0.31106976, 0.42349726], [-0.3132565, 0.41863778], [-0.31618565, 0.40610966], [-0.32791513, 0.3436794], [-0.34504768, 0.24404603], [-0.36130348, 0.12743317], [-0.37813047, -0.0024835458], [-0.390685, -0.11994831], [-0.3972161, -0.2160161], [-0.39453664, -0.28975722], [-0.38509685, -0.34046632], [-0.36453003, -0.38335124], [-0.3311938, -0.41672453], [-0.28661412, -0.44366905], [-0.22699356, -0.46565077], [-0.14031613, -0.48479444], [-0.051324766, -0.49470505], [0.042458016, -0.4991558], [0.13931954, -0.49970558], [0.24001704, -0.4917914], [0.33710313, -0.48897848], [0.39764553, -0.4836333], [0.39794666, -0.48360655]]
[0, 0, 0, 0, 0, 0, 0, 0, 0, 0, 0, 0, 0, 0, 0, 0, 0, 0, 0, 1, 1, 1, 1, 1, 1, 1, 1, 1, 1, 1, 1, 1, 1, 1, 1, 1, 1, 1, 1, 1, 2, 2, 2, 2, 2, 2, 2, 2, 2, 2, 2, 2, 2, 2, 2, 2, 2, 2, 2, 2, 2, 2, 2, 2, 2, 2, 2, 2, 2, 2, 2, 2, 2, 2]
