ㅍ
[[-0.5, 0.33839738], [-0.49432245, 0.34039155], [-0.48198733, 0.34175026], [-0.4585973, 0.34378424], [-0.32251868, 0.3546632], [-0.14768271, 0.36841613], [0.016585961, 0.3812874], [0.16335267, 0.39327773], [0.30334, 0.40307456], [0.40496463, 0.4102227], [0.46804395, 0.4136347], [0.4867272, 0.4167644], [0.4880869, 0.4162608], [-0.22607268, 0.3229893], [-0.22414656, 0.3164844], [-0.22262742, 0.2917012], [-0.21679723, 0.21286742], [-0.21270281, 0.110916644], [-0.21268395, -0.002308838], [-0.21340315, -0.109912895], [-0.21650977, -0.1858397], [-0.2089325, -0.23265514], [-0.20509227, -0.2588153], [-0.19698079, -0.25193426], [0.15399984, 0.33708623], [0.1547488, 0.3311672], [0.15659368, 0.3191063], [0.16582781, 0.23447074], [0.17747925, 0.12171021], [0.18034829, 0.012806933], [0.18365073, -0.085715085], [0.18445897, -0.1715936], [0.18837412, -0.23469932], [0.18963002, -0.26017433], [0.1920112, -0.28331828], [0.19111021, -0.30453208], [0.19025928, -0.3125409], [-0.4366775, -0.41640306], [-0.42883545, -0.41252998], [-0.41552848, -0.40762958], [-0.38841245, -0.40184084], [-0.24993002, -0.38535008], [-0.08512242, -0.37665138], [0.06787733, -0.37624875], [0.20259607, -0.37483576], [0.3129801, -0.373636], [0.39696863, -0.3685695], [0.46544853, -0.3701258], [0.49636826, -0.3782017], [0.5, -0.37950343]]
[0, 0, 0, 0, 0, 0, 0, 0, 0, 0, 0, 0, 0, 0, 0, 0, 0, 0, 0, 0, 0, 1, 1, 1, 1, 1, 1, 1, 1, 1, 1, 1, 1, 1, 1, 1, 1, 1, 1, 2, 2, 2, 2, 2, 2, 2, 2, 2, 2, 2, 2, 2, 2, 2, 2, 2, 2, 2, 2, 2, 2, 3, 3, 3, 3, 3, 3, 3, 3, 3, 3, 3, 3, 3, 3, 3, 3, 3, 3, 3, 3, 3]
ㅍ
[[-0.5, 0.40731943], [-0.4894016, 0.4103357], [-0.4584436, 0.407704], [-0.32967308, 0.39606127], [-0.18598804, 0.3825334], [-0.036683623, 0.376428], [0.10266369, 0.38238257], [0.2347664, 0.38968945], [0.34599936, 0.40047505], [0.431264, 0.40625533], [0.46982744, 0.40869278], [0.47958377, 0.40757078], [0.48178938, 0.4014126], [0.27841812, 0.36458912], [-0.22932108, 0.27054632], [-0.22893338, 0.26241374], [-0.22224432, 0.20933788], [-0.21450906, 0.10837767], [-0.20954865, -0.010979194], [-0.20797083, -0.12316616], [-0.2087875, -0.20463331], [-0.20995124, -0.24959458], [-0.2085737, -0.27724367], [-0.20636806, -0.29433572], [-0.20693362, -0.30124798], [-0.20863025, -0.30351016], [0.19098519, 0.30099663], [0.19765182, 0.30069375], [0.206136, 0.2749388], [0.2130302, 0.1931999], [0.21037166, 0.08255749], [0.20482525, -0.042601977], [0.19803192, -0.16035646], [0.1987348, -0.23753656], [0.1973417, -0.27998537], [0.19873318, -0.3061494], [0.19788486, -0.32324147], [0.19584888, -0.33316994], [0.11112803, -0.34272158], [-0.39446893, -0.38796517], [-0.35457453, -0.39273587], [-0.19866088, -0.40024382], [-0.018947026, -0.40550718], [0.15131894, -0.4025613], [0.29987577, -0.40155083], [0.41279045, -0.39852205], [0.4755615, -0.39852205], [0.494252, -0.40236092], [0.49943447, -0.40895322], [0.5, -0.4108384]]
[0, 0, 0, 0, 0, 0, 0, 0, 0, 0, 0, 0, 0, 0, 0, 0, 0, 0, 0, 0, 0, 0, 0, 1, 1, 1, 1, 1, 1, 1, 1, 1, 1, 1, 1, 1, 1, 1, 1, 1, 1, 1, 1, 1, 2, 2, 2, 2, 2, 2, 2, 2, 2, 2, 2, 2, 2, 2, 2, 2, 2, 2, 2, 2, 2, 2, 3, 3, 3, 3, 3, 3, 3, 3, 3, 3, 3, 3, 3, 3, 3, 3, 3, 3, 3]
ㅍ
[[-0.44462025, 0.39207983], [-0.43751243, 0.3962708], [-0.41781032, 0.39934537], [-0.35687435, 0.40509218], [-0.14169486, 0.42852354], [0.03943331, 0.4306318], [0.17766926, 0.42900145], [0.28154832, 0.42023432], [0.3596471, 0.40821245], [0.4212635, 0.40040082], [0.45768288, 0.39545247], [0.47221324, 0.38955033], [0.471519, 0.38504747], [-0.14629656, 0.35867617], [-0.14636075, 0.35445487], [-0.14553504, 0.33697814], [-0.14194365, 0.25172016], [-0.1438816, 0.12841846], [-0.14542542, -0.008928798], [-0.14395504, -0.12211083], [-0.13711081, -0.19697261], [-0.13061725, -0.23450167], [-0.12704243, -0.24937086], [-0.12750259, -0.25313818], [-0.13336347, -0.24718222], [-0.020827472, 0.005050525], [0.14565842, 0.36725256], [0.14721648, 0.36102626], [0.15341744, 0.32826295], [0.16489352, 0.20994227], [0.1677135, 0.07289767], [0.16536462, -0.083795235], [0.16750881, -0.20427802], [0.16614021, -0.27626115], [0.16928531, -0.30489647], [0.17094259, -0.3212013], [0.1705793, -0.32765958], [0.16618243, -0.32050171], [0.15176925, -0.3222418], [-0.49580476, -0.42696872], [-0.48418528, -0.4193492], [-0.45213497, -0.40931964], [-0.29365215, -0.3821827], [-0.039208435, -0.36007363], [0.15771058, -0.35367134], [0.29905337, -0.35638133], [0.40660506, -0.35878342], [0.46975473, -0.36159673], [0.49515626, -0.36773676], [0.5, -0.36917195]]
[0, 0, 0, 0, 0, 0, 0, 0, 0, 0, 0, 0, 0, 0, 0, 0, 0, 0, 0, 0, 0, 0, 0, 1, 1, 1, 1, 1, 1, 1, 1, 1, 1, 1, 1, 1, 1, 1, 1, 1, 1, 1, 1, 1, 1, 1, 2, 2, 2, 2, 2, 2, 2, 2, 2, 2, 2, 2, 2, 2, 2, 2, 2, 2, 2, 2, 2, 2, 2, 2, 3, 3, 3, 3, 3, 3, 3, 3, 3, 3, 3, 3, 3, 3, 3, 3, 3, 3, 3, 3]
ㅍ
[[-0.40074778, 0.30970618], [-0.3903335, 0.31118008], [-0.37064195, 0.31245008], [-0.25856355, 0.31684187], [-0.09007935, 0.32255194], [0.06391412, 0.32331625], [0.20398933, 0.32330236], [0.31800914, 0.3211658], [0.38963538, 0.3217846], [0.4179339, 0.32070637], [0.43405154, 0.31815368], [0.435425, 0.3127738], [-0.015836298, 0.29228702], [-0.13422751, 0.28619856], [-0.13474798, 0.2777659], [-0.13338436, 0.23322958], [-0.13083486, 0.13465938], [-0.12841262, 0.03460899], [-0.12788783, -0.06738196], [-0.120094284, -0.1457428], [-0.11430209, -0.19094981], [-0.11173157, -0.21493423], [-0.10951873, -0.22785215], [-0.105301134, -0.23112017], [-0.10367097, -0.23112017], [0.1491357, 0.2825138], [0.15213287, 0.2812471], [0.15611644, 0.27199337], [0.16135052, 0.22598298], [0.16366453, 0.1372652], [0.16281787, 0.03362423], [0.16125815, -0.06652667], [0.16469106, -0.14643492], [0.16609377, -0.19718172], [0.16986354, -0.2370587], [0.17310867, -0.25637025], [0.17505099, -0.25982326], [-0.49912077, -0.32447454], [-0.49166885, -0.32248595], [-0.47339037, -0.31974208], [-0.41104624, -0.3138066], [-0.21187195, -0.3006519], [-0.029099865, -0.30018452], [0.13093223, -0.302248], [0.27232686, -0.30225846], [0.38643417, -0.30513588], [0.45941803, -0.30889082], [0.4841901, -0.31247276], [0.4977802, -0.31840095], [0.5, -0.32025078]]
[0, 0, 0, 0, 0, 0, 0, 0, 0, 0, 0, 0, 0, 0, 0, 0, 0, 0, 0, 0, 0, 0, 1, 1, 1, 1, 1, 1, 1, 1, 1, 1, 1, 1, 1, 1, 1, 1, 1, 1, 1, 1, 1, 1, 1, 2, 2, 2, 2, 2, 2, 2, 2, 2, 2, 2, 2, 2, 2, 2, 2, 2, 2, 2, 2, 2, 2, 3, 3, 3, 3, 3, 3, 3, 3, 3, 3, 3, 3, 3, 3, 3, 3, 3, 3, 3, 3, 3, 3, 3]
ㅍ
[[-0.499905, 0.38974455], [-0.49998453, 0.396757], [-0.49617213, 0.39771447], [-0.44423518, 0.39839065], [-0.32232502, 0.39876097], [-0.16388734, 0.4033269], [0.0023696509, 0.4105639], [0.14676136, 0.41548055], [0.2607878, 0.41952142], [0.3532355, 0.42154548], [0.4169152, 0.4146376], [0.4521622, 0.4089312], [0.47274286, 0.39930844], [-0.15042216, 0.35454687], [-0.23806627, 0.34619808], [-0.2376982, 0.33964798], [-0.23393205, 0.31462222], [-0.22353621, 0.20613478], [-0.20995249, 0.08882018], [-0.20709498, -0.012416549], [-0.2058191, -0.095258385], [-0.20348954, -0.15746838], [-0.20107584, -0.19825123], [-0.1999013, -0.21871744], [-0.19858381, -0.23130664], [-0.19792509, -0.23350243], [0.15732472, 0.33554918], [0.16453499, 0.32302827], [0.17275596, 0.25037372], [0.17170662, 0.114708275], [0.16443855, -0.02031015], [0.14995687, -0.1460682], [0.13944535, -0.23858848], [0.15025295, -0.30586386], [0.15510322, -0.33534926], [0.155956, -0.35202637], [0.15449214, -0.35872763], [0.15354796, -0.359427], [-0.4870889, -0.3844807], [-0.48039904, -0.3810271], [-0.45967072, -0.3770096], [-0.35377657, -0.37467346], [-0.17410761, -0.37988013], [2.3080409E-4, -0.39893758], [0.1514402, -0.41238463], [0.29045847, -0.42044887], [0.40594035, -0.42163232], [0.4761701, -0.41999832], [0.49823692, -0.42188036], [0.49999997, -0.4231863]]
[0, 0, 0, 0, 0, 0, 0, 0, 0, 0, 0, 0, 0, 0, 0, 0, 0, 0, 0, 0, 0, 0, 0, 0, 1, 1, 1, 1, 1, 1, 1, 1, 1, 1, 1, 1, 1, 1, 1, 1, 1, 1, 1, 1, 1, 1, 1, 2, 2, 2, 2, 2, 2, 2, 2, 2, 2, 2, 2, 2, 2, 2, 2, 2, 2, 2, 2, 2, 2, 3, 3, 3, 3, 3, 3, 3, 3, 3, 3, 3, 3, 3, 3, 3, 3, 3, 3, 3, 3, 3, 3]
ㅍ
[[-0.41505793, 0.39039755], [-0.4062378, 0.39391717], [-0.39086097, 0.39602998], [-0.28245974, 0.3972732], [-0.13037321, 0.39113003], [0.02395497, 0.38415602], [0.14705172, 0.37860674], [0.24891245, 0.37244695], [0.3323735, 0.3689615], [0.40570825, 0.3600835], [0.4507374, 0.3529812], [0.475547, 0.3489275], [-0.13946892, 0.3617975], [-0.1384205, 0.35294032], [-0.13764158, 0.33589664], [-0.1315193, 0.22578016], [-0.127979, 0.10239814], [-0.120563015, -0.010027032], [-0.113115996, -0.09687084], [-0.10591681, -0.14918311], [-0.099328995, -0.17919716], [-0.093629345, -0.19794591], [-0.090956844, -0.20802887], [0.07379198, 0.09505759], [0.18807292, 0.30879852], [0.18888773, 0.30646938], [0.18933755, 0.2918883], [0.189199, 0.21687746], [0.18315865, 0.112284794], [0.1745816, 4.8277713E-4], [0.17990531, -0.08986034], [0.18601952, -0.15624608], [0.194433, -0.20618564], [0.20281029, -0.24481842], [0.2074239, -0.26938757], [0.20844823, -0.283031], [0.20907205, -0.29241356], [-0.3118625, -0.3582813], [-0.493041, -0.3813217], [-0.47857407, -0.37878272], [-0.42668384, -0.3760417], [-0.23930362, -0.3661097], [-0.039113574, -0.36099264], [0.14937046, -0.3624425], [0.31383276, -0.3692268], [0.42615873, -0.37071985], [0.4692204, -0.37205586], [0.4907415, -0.3766961], [0.4969795, -0.39149222], [0.5, -0.39753324]]
[0, 0, 0, 0, 0, 0, 0, 0, 0, 0, 0, 0, 0, 0, 0, 0, 0, 0, 0, 0, 0, 0, 0, 1, 1, 1, 1, 1, 1, 1, 1, 1, 1, 1, 1, 1, 1, 1, 1, 1, 1, 1, 1, 1, 1, 2, 2, 2, 2, 2, 2, 2, 2, 2, 2, 2, 2, 2, 2, 2, 2, 2, 2, 2, 2, 2, 2, 2, 2, 2, 2, 2, 3, 3, 3, 3, 3, 3, 3, 3, 3, 3, 3, 3, 3, 3, 3, 3, 3, 3, 3, 3, 3, 3, 3, 3]
