ㅎ
[[0.010275655, 0.49857283], [0.012527525, 0.49941885], [0.017502824, 0.4979145], [0.03721648, 0.48950008], [0.0665624, 0.47294194], [0.09628839, 0.4580003], [0.12839799, 0.44129193], [0.16094396, 0.424803], [0.16762163, 0.42150542], [-0.35260633, 0.17000233], [-0.34411556, 0.1684004], [-0.33703235, 0.16735187], [-0.3257016, 0.16585186], [-0.2777841, 0.16338228], [-0.17374212, 0.15872999], [-0.07117285, 0.15889162], [0.027950715, 0.1567427], [0.120186195, 0.15462467], [0.19702984, 0.15383884], [0.2670676, 0.15332507], [0.3069626, 0.15007108], [0.32867765, 0.14647855], [0.34867108, 0.13752683], [0.35451013, 0.13464335], [0.003842459, -0.17613924], [-0.0011118853, -0.18033339], [-0.005472052, -0.18449034], [-0.009974202, -0.19222328], [-0.016791075, -0.21752228], [-0.021155985, -0.26983014], [-0.015657678, -0.3197359], [9.002215E-4, -0.37087044], [0.021196686, -0.4107486], [0.066421784, -0.45744774], [0.117135786, -0.49040702], [0.1536847, -0.49845237], [0.19652031, -0.4977242], [0.24033178, -0.48501438], [0.2769779, -0.4603892], [0.30477917, -0.4253682], [0.32465395, -0.37893355], [0.33211342, -0.32049653], [0.32720515, -0.26446098], [0.3100117, -0.21126083], [0.28630605, -0.17181498], [0.2544127, -0.14099891], [0.21277995, -0.119509526], [0.15576352, -0.11308036], [0.11044056, -0.121950634], [0.10917884, -0.122248046]]
[0, 0, 0, 0, 0, 0, 0, 0, 0, 0, 0, 0, 0, 1, 1, 1, 1, 1, 1, 1, 1, 1, 1, 1, 1, 1, 1, 1, 1, 1, 1, 1, 1, 1, 1, 2, 2, 2, 2, 2, 2, 2, 2, 2, 2, 2, 2, 2, 2, 2, 2, 2, 2, 2, 2, 2, 2, 2, 2, 2, 2, 2, 2, 2, 2, 2, 2, 2, 2, 2, 2, 2, 2]
ㅎ
[[-0.10374545, 0.49927273], [-0.09380764, 0.49959925], [-0.08366828, 0.5], [-0.061677143, 0.49672246], [0.003992025, 0.48195738], [0.056256678, 0.4684926], [0.09049558, 0.45594457], [0.1227833, 0.4396242], [0.14305244, 0.4202387], [0.12582636, 0.40532097], [-0.35393596, 0.14581819], [-0.35248864, 0.14581819], [-0.3368795, 0.14727272], [-0.29568028, 0.14878798], [-0.18155499, 0.15492572], [-0.0748911, 0.15811205], [0.023655444, 0.16205892], [0.11894989, 0.16508943], [0.20215186, 0.17062293], [0.267672, 0.17274052], [0.31226736, 0.1759054], [0.33663982, 0.17187801], [0.35392874, 0.16790353], [0.1982138, 0.06884606], [-0.12818934, -0.13701566], [-0.13076884, -0.13903525], [-0.13430873, -0.14268646], [-0.13845208, -0.15005614], [-0.14673841, -0.18047254], [-0.15255179, -0.22414237], [-0.1498494, -0.29488528], [-0.13320404, -0.36747184], [-0.09670818, -0.4333178], [-0.057759866, -0.47138748], [-0.013464779, -0.4918908], [0.030027695, -0.4995157], [0.07470135, -0.4928778], [0.11878839, -0.4744356], [0.16183615, -0.44325262], [0.20142546, -0.39758334], [0.2414403, -0.34019127], [0.257772, -0.2700337], [0.2575175, -0.20825738], [0.23909947, -0.15689677], [0.21007352, -0.11866838], [0.15492462, -0.08926426], [0.07567656, -0.0782121], [-0.0037306128, -0.09118311], [-0.050495096, -0.10429833], [-0.050727274, -0.104363635]]
[0, 0, 0, 0, 0, 0, 0, 0, 0, 0, 0, 0, 0, 0, 1, 1, 1, 1, 1, 1, 1, 1, 1, 1, 1, 1, 1, 1, 1, 1, 1, 1, 1, 1, 2, 2, 2, 2, 2, 2, 2, 2, 2, 2, 2, 2, 2, 2, 2, 2, 2, 2, 2, 2, 2, 2, 2, 2, 2, 2, 2, 2, 2, 2, 2, 2, 2, 2, 2, 2, 2, 2]
ㅎ
[[-0.08219691, 0.5], [-0.07942599, 0.49547327], [-0.07366531, 0.49143782], [-0.05604367, 0.47798234], [-0.007885384, 0.44664457], [0.036218844, 0.41829944], [0.069749564, 0.3898885], [0.07577528, 0.3844106], [-0.3761839, 0.14181554], [-0.37107867, 0.1436503], [-0.360483, 0.14813524], [-0.3296637, 0.15449674], [-0.20209473, 0.17022617], [-0.06953986, 0.17462091], [0.048117362, 0.1718117], [0.1461527, 0.16309662], [0.23268059, 0.15387598], [0.2990102, 0.148967], [0.33915716, 0.14559816], [0.3655462, 0.13769937], [0.3788764, 0.13182633], [0.058436867, -0.09935249], [0.051591832, -0.09800649], [0.044767965, -0.097925454], [0.034539208, -0.09894477], [0.0042424733, -0.11053467], [-0.03609934, -0.13679677], [-0.07231349, -0.1759782], [-0.11776905, -0.23295294], [-0.14746675, -0.2917842], [-0.16381669, -0.3484296], [-0.1604141, -0.38870418], [-0.13949981, -0.4216895], [-0.106435835, -0.45251352], [-0.061725784, -0.47726187], [-0.004328954, -0.49413788], [0.054933906, -0.49882728], [0.11153474, -0.48675552], [0.16974081, -0.4599462], [0.22029743, -0.4188964], [0.26342842, -0.36905473], [0.2910351, -0.31989786], [0.30565, -0.2762462], [0.30462146, -0.23977791], [0.28841814, -0.20729631], [0.24703743, -0.17997172], [0.16908588, -0.1646376], [0.07972107, -0.1633568], [0.011900237, -0.17491983], [0.011558941, -0.17498507]]
[0, 0, 0, 0, 0, 0, 0, 0, 0, 0, 0, 0, 1, 1, 1, 1, 1, 1, 1, 1, 1, 1, 1, 1, 1, 1, 1, 1, 1, 1, 1, 1, 1, 2, 2, 2, 2, 2, 2, 2, 2, 2, 2, 2, 2, 2, 2, 2, 2, 2, 2, 2, 2, 2, 2, 2, 2, 2, 2, 2, 2, 2, 2, 2, 2, 2, 2, 2, 2, 2, 2, 2, 2, 2, 2, 2, 2, 2]
ㅎ
[[-0.047941178, 0.5], [-0.045598213, 0.4964607], [-0.04021435, 0.48948807], [-0.01577605, 0.46331462], [0.016385136, 0.43001914], [0.054366454, 0.39165068], [0.08871124, 0.3550957], [0.11144599, 0.3227348], [0.11617647, 0.3130719], [-0.39388353, 0.15508871], [-0.41024655, 0.15089557], [-0.40552223, 0.151674], [-0.38510928, 0.15276845], [-0.31871486, 0.15481982], [-0.23713703, 0.1539776], [-0.13539442, 0.15489236], [-0.025426153, 0.15595838], [0.06906502, 0.15538563], [0.15933923, 0.15858503], [0.24650806, 0.16324636], [0.31579915, 0.16403957], [0.36037877, 0.16153634], [0.39322415, 0.15793864], [0.41310364, 0.15414691], [0.3024183, 0.08874179], [-0.08761705, -0.13529412], [-0.09061685, -0.14092985], [-0.09770109, -0.15223424], [-0.111505754, -0.18575382], [-0.12189745, -0.23559895], [-0.12313173, -0.30481905], [-0.11067692, -0.37506717], [-0.08309734, -0.4369634], [-0.049489953, -0.4729654], [-0.01091182, -0.4931029], [0.029549986, -0.49972415], [0.07032857, -0.49710447], [0.124252595, -0.4790114], [0.16414571, -0.45485422], [0.19724038, -0.42459747], [0.2218454, -0.3828923], [0.23420875, -0.3365331], [0.2349323, -0.28558883], [0.22094432, -0.23442243], [0.19471006, -0.18934046], [0.15082031, -0.15096688], [0.08613918, -0.12171189], [0.015396915, -0.1168617], [-0.034165442, -0.12609337], [-0.034411766, -0.1261438]]
[0, 0, 0, 0, 0, 0, 0, 0, 0, 0, 0, 0, 0, 0, 1, 1, 1, 1, 1, 1, 1, 1, 1, 1, 1, 1, 1, 1, 1, 1, 1, 1, 1, 1, 1, 1, 1, 1, 2, 2, 2, 2, 2, 2, 2, 2, 2, 2, 2, 2, 2, 2, 2, 2, 2, 2, 2, 2, 2, 2, 2, 2, 2, 2, 2, 2, 2, 2, 2, 2, 2, 2, 2, 2, 2, 2, 2]
ㅎ
[[-0.09056237, 0.5], [-0.08752886, 0.49608237], [-0.08436924, 0.49197787], [-0.06654391, 0.4691126], [-0.042190876, 0.4381029], [-0.01416295, 0.40411094], [0.011020381, 0.37132004], [0.030930374, 0.33937788], [0.033894688, 0.33405724], [-0.2990203, 0.116175845], [-0.29710788, 0.12022221], [-0.29200664, 0.12250366], [-0.27179918, 0.12620704], [-0.1992241, 0.1365126], [-0.12324126, 0.14201088], [-0.03588493, 0.1480258], [0.049810693, 0.148125], [0.1318324, 0.15156633], [0.19817021, 0.15410292], [0.24982545, 0.15070675], [0.2762328, 0.14938469], [0.29239467, 0.14726658], [0.29922655, 0.14457652], [-0.013542414, -0.109273106], [-0.095703766, -0.1731862], [-0.101048015, -0.17641571], [-0.10808256, -0.18240926], [-0.12614316, -0.20153986], [-0.14484794, -0.23071936], [-0.15640265, -0.2798311], [-0.15627988, -0.337331], [-0.13510524, -0.39672667], [-0.10446139, -0.44571304], [-0.05771985, -0.4781899], [-0.010407073, -0.4948699], [0.033175524, -0.4997064], [0.08174038, -0.4943129], [0.13187185, -0.47814018], [0.17304453, -0.45178032], [0.21478468, -0.4177757], [0.24751309, -0.37880507], [0.2678438, -0.33185613], [0.2686339, -0.28427354], [0.24987158, -0.24227938], [0.22167873, -0.20704982], [0.18240581, -0.17865108], [0.12325883, -0.15891522], [0.06840004, -0.15588939], [0.031430636, -0.16138957], [0.031246668, -0.1614172]]
[0, 0, 0, 0, 0, 0, 0, 0, 0, 0, 0, 0, 0, 1, 1, 1, 1, 1, 1, 1, 1, 1, 1, 1, 1, 1, 1, 1, 1, 1, 1, 1, 1, 1, 2, 2, 2, 2, 2, 2, 2, 2, 2, 2, 2, 2, 2, 2, 2, 2, 2, 2, 2, 2, 2, 2, 2, 2, 2, 2, 2, 2, 2, 2, 2, 2, 2, 2, 2, 2, 2, 2, 2]
