ㅜ
[[-0.5, 0.2382911], [-0.4971216, 0.237246], [-0.49328122, 0.23496698], [-0.48603863, 0.23160926], [-0.46394217, 0.22482567], [-0.41854858, 0.21817046], [-0.36176962, 0.21399534], [-0.29630733, 0.2102634], [-0.2304687, 0.21085973], [-0.16709962, 0.21151246], [-0.11171566, 0.21533847], [-0.051247817, 0.2183443], [0.0055132443, 0.22208501], [0.062151488, 0.22677192], [0.122414336, 0.23043922], [0.17687409, 0.23164754], [0.22547331, 0.23389451], [0.26548338, 0.23322871], [0.28519145, 0.23038487], [0.30699074, 0.22858617], [0.32983416, 0.22698343], [0.35535645, 0.22614095], [0.38268718, 0.22862831], [0.41722068, 0.23402475], [0.44738144, 0.2400477], [0.46863425, 0.2448618], [0.48172733, 0.24596907], [0.49214295, 0.24511845], [0.49858975, 0.24377537], [0.4909644, 0.23504533], [0.33241364, 0.2230695], [-0.023222577, 0.20189352], [-0.024346758, 0.2019159], [-0.02467917, 0.2001699], [-0.025270708, 0.19370931], [-0.026986526, 0.17292821], [-0.02775328, 0.1440649], [-0.029493608, 0.11175134], [-0.033078365, 0.073034026], [-0.03604744, 0.028997503], [-0.04138523, -0.016078925], [-0.047983598, -0.07181457], [-0.054044556, -0.124893785], [-0.059324816, -0.16805826], [-0.058700986, -0.1974618], [-0.058544483, -0.2220064], [-0.062026683, -0.23689422], [-0.06610492, -0.24423425], [-0.06270523, -0.24570045], [-0.061697926, -0.24542065]]
[0, 0, 0, 0, 0, 0, 0, 0, 0, 0, 0, 0, 0, 0, 0, 0, 0, 0, 0, 0, 0, 0, 0, 0, 0, 0, 0, 0, 0, 0, 0, 0, 0, 0, 0, 0, 0, 0, 0, 0, 0, 0, 0, 0, 0, 0, 1, 1, 1, 1, 1, 1, 1, 1, 1, 1, 1, 1, 1, 1, 1, 1, 1, 1, 1, 1, 1, 1, 1, 1, 1, 1, 1, 1, 1]
ㅜ
[[-0.5, 0.27325186], [-0.49862814, 0.2730325], [-0.49579158, 0.27224737], [-0.4894582, 0.27287087], [-0.46574384, 0.27606988], [-0.3884929, 0.28832263], [-0.31339687, 0.29356143], [-0.23038259, 0.30067244], [-0.14655603, 0.3026703], [-0.06329365, 0.29828107], [0.013656788, 0.28969756], [0.08276989, 0.2825196], [0.15407293, 0.2752107], [0.22555569, 0.27433762], [0.2963289, 0.27661884], [0.36474034, 0.2829865], [0.41971657, 0.28747874], [0.45769426, 0.29318896], [0.48015982, 0.29665515], [0.49129745, 0.29510787], [0.49746975, 0.2968859], [0.49996364, 0.30129635], [0.49934018, 0.30353624], [0.49898168, 0.30380177], [0.09011141, 0.28569812], [0.08693173, 0.28530556], [0.0843759, 0.28452045], [0.081902824, 0.2834698], [0.07942973, 0.2818996], [0.07633317, 0.27739677], [0.06936074, 0.26275685], [0.062004827, 0.24279593], [0.05588157, 0.21325931], [0.05031286, 0.17360245], [0.04440045, 0.13118784], [0.040527675, 0.08771252], [0.036938228, 0.044639252], [0.032258816, 0.0017830031], [0.029731147, -0.041916456], [0.028515486, -0.08412752], [0.028789042, -0.1316543], [0.032245852, -0.17792584], [0.032841478, -0.21354404], [0.033092517, -0.23951796], [0.03390623, -0.2563721], [0.035537634, -0.27078107], [0.038151003, -0.28365454], [0.03902906, -0.294138], [0.034477744, -0.30226618], [0.03309572, -0.30380177]]
[0, 0, 0, 0, 0, 0, 0, 0, 0, 0, 0, 0, 0, 0, 0, 0, 0, 0, 0, 0, 0, 0, 0, 0, 0, 0, 0, 0, 0, 0, 0, 0, 0, 1, 1, 1, 1, 1, 1, 1, 1, 1, 1, 1, 1, 1, 1, 1, 1, 1, 1, 1, 1, 1, 1, 1, 1, 1, 1, 1, 1, 1, 1, 1, 1, 1, 1, 1, 1]
ㅜ
[[-0.5, 0.27516416], [-0.4947589, 0.2756202], [-0.46781647, 0.27857327], [-0.43717176, 0.2825932], [-0.37972474, 0.28819135], [-0.31253713, 0.29557258], [-0.23972793, 0.30321667], [-0.16191998, 0.3098184], [-0.08537945, 0.31575108], [-0.0030803233, 0.31803206], [0.081189856, 0.32067916], [0.16605607, 0.31977853], [0.2394446, 0.31641686], [0.30345035, 0.31176353], [0.35795844, 0.3070997], [0.3932477, 0.30538133], [0.42250556, 0.301858], [0.4524634, 0.29676062], [0.46917078, 0.2937342], [0.48320428, 0.28997308], [0.49216, 0.2869711], [0.49788922, 0.28576496], [0.4999759, 0.28703812], [0.499409, 0.28829786], [0.3266875, 0.29151428], [0.07589135, 0.2954008], [0.07387745, 0.29017693], [0.07272235, 0.28579968], [0.07086756, 0.2704615], [0.06764023, 0.24806562], [0.063115805, 0.22148764], [0.058708005, 0.18755352], [0.055203654, 0.14889385], [0.050699107, 0.106328666], [0.0454017, 0.05070866], [0.037804786, -0.006917622], [0.030133147, -0.06666848], [0.025927076, -0.11799474], [0.020896606, -0.16060048], [0.018912213, -0.19370496], [0.017589247, -0.22387372], [0.016014973, -0.24666442], [0.013626349, -0.26748642], [0.012203131, -0.28668803], [0.012459595, -0.30013216], [0.013237563, -0.30954015], [0.014419597, -0.31565136], [0.016192645, -0.31948423], [0.017567664, -0.32098526], [0.017730497, -0.32110587]]
[0, 0, 0, 0, 0, 0, 0, 0, 0, 0, 0, 0, 0, 0, 0, 0, 0, 0, 0, 0, 0, 0, 0, 0, 0, 0, 0, 0, 0, 1, 1, 1, 1, 1, 1, 1, 1, 1, 1, 1, 1, 1, 1, 1, 1, 1, 1, 1, 1, 1, 1, 1, 1, 1, 1, 1, 1, 1, 1]
ㅜ
[[-0.5, 0.20191993], [-0.4920807, 0.20667088], [-0.48395428, 0.20899418], [-0.44889653, 0.21737975], [-0.3570141, 0.23874776], [-0.2751, 0.25424874], [-0.18966332, 0.2648201], [-0.104813196, 0.27519426], [-0.0221521, 0.2806531], [0.057777844, 0.28655], [0.13458434, 0.29019335], [0.21089885, 0.28956], [0.27712613, 0.28735197], [0.3372008, 0.28880015], [0.3835835, 0.2886314], [0.4158692, 0.2851635], [0.4410984, 0.27762043], [0.45946488, 0.2730788], [0.47254974, 0.27059025], [0.48347196, 0.2690063], [0.49138764, 0.26844653], [0.49658614, 0.26844653], [0.4996999, 0.26795825], [0.5, 0.26727942], [0.33214676, 0.26556444], [0.041449882, 0.259853], [0.03997666, 0.25640184], [0.038174197, 0.25116584], [0.034401268, 0.23735079], [0.029931614, 0.22003432], [0.026367692, 0.2013721], [0.023009706, 0.17905699], [0.019745938, 0.14989318], [0.016794123, 0.11188438], [0.014190677, 0.06419066], [0.010001017, 0.02166152], [0.008167686, -0.025165569], [0.009537065, -0.06589462], [0.011484893, -0.098973066], [0.014041884, -0.12963204], [0.018869534, -0.1605817], [0.024664812, -0.18924496], [0.029483294, -0.21454452], [0.031990234, -0.23541594], [0.03389352, -0.2516498], [0.03588042, -0.26490963], [0.03734887, -0.27394897], [0.038356412, -0.2830836], [0.03672719, -0.28968146], [0.036239497, -0.2906104]]
[0, 0, 0, 0, 0, 0, 0, 0, 0, 0, 0, 0, 0, 0, 0, 0, 0, 0, 0, 0, 0, 0, 0, 0, 0, 0, 0, 0, 0, 0, 0, 1, 1, 1, 1, 1, 1, 1, 1, 1, 1, 1, 1, 1, 1, 1, 1, 1, 1, 1, 1, 1, 1, 1, 1, 1, 1, 1, 1, 1, 1, 1, 1]
ㅜ
[[-0.4989567, 0.25909117], [-0.49860242, 0.25909117], [-0.48957235, 0.26062757], [-0.4657155, 0.2662278], [-0.42053756, 0.27596414], [-0.36130255, 0.28719586], [-0.29101655, 0.30029383], [-0.21537596, 0.3118373], [-0.14401609, 0.31567335], [-0.07149053, 0.32135943], [5.486831E-4, 0.32053828], [0.0703754, 0.32120895], [0.13419268, 0.3185262], [0.20008624, 0.31136104], [0.26248452, 0.30237308], [0.32271433, 0.29876557], [0.37720162, 0.29683912], [0.41779998, 0.2938252], [0.44867685, 0.29272303], [0.47472167, 0.29451787], [0.48915672, 0.2947194], [0.4971682, 0.29246008], [0.5, 0.29039007], [0.26658887, 0.30576748], [0.042077865, 0.32052976], [0.038893327, 0.31586602], [0.037830155, 0.31216684], [0.03493901, 0.30104482], [0.029686091, 0.2795746], [0.02473148, 0.25443226], [0.019511208, 0.22323114], [0.0157106, 0.18807636], [0.013207857, 0.15302718], [0.011647278, 0.115272164], [0.0122339595, 0.07750518], [0.013893528, 0.037000183], [0.013700295, 0.0017958749], [0.016047874, -0.033813387], [0.019934574, -0.06808262], [0.02641217, -0.10308497], [0.034518313, -0.14233708], [0.04082702, -0.17593315], [0.04474008, -0.207773], [0.048513204, -0.23721649], [0.052923914, -0.26257658], [0.057046276, -0.28193408], [0.060261037, -0.2981618], [0.06095302, -0.31310153], [0.06199632, -0.3207311], [0.062336985, -0.3216774]]
[0, 0, 0, 0, 0, 0, 0, 0, 0, 0, 0, 0, 0, 0, 0, 0, 0, 0, 0, 0, 0, 0, 0, 0, 0, 0, 0, 0, 0, 0, 0, 1, 1, 1, 1, 1, 1, 1, 1, 1, 1, 1, 1, 1, 1, 1, 1, 1, 1, 1, 1, 1, 1, 1, 1, 1, 1, 1, 1, 1, 1, 1, 1, 1, 1, 1]
ㅜ
[[-0.5, 0.2892669], [-0.49813274, 0.28815648], [-0.4954683, 0.28875718], [-0.48878545, 0.2892669], [-0.47779402, 0.28959754], [-0.44153914, 0.29292795], [-0.34476304, 0.3025831], [-0.24231121, 0.31118438], [-0.14244792, 0.31745398], [-0.044084568, 0.3263281], [0.0474912, 0.33391717], [0.1328861, 0.3405667], [0.21147041, 0.34638524], [0.27807415, 0.35157478], [0.3362324, 0.35080332], [0.38680354, 0.3489063], [0.42223912, 0.34257764], [0.44235104, 0.33658594], [0.4630297, 0.33073407], [0.4804964, 0.32313928], [0.49051505, 0.316847], [0.49696234, 0.31308606], [0.49962804, 0.31221816], [0.5, 0.31221816], [0.05570686, 0.34770587], [0.02678839, 0.34601396], [0.026204526, 0.34295303], [0.024561709, 0.33627152], [0.020595562, 0.32130152], [0.013191896, 0.28439987], [0.0063465107, 0.23707472], [5.02218E-4, 0.1880726], [-6.035612E-4, 0.14054364], [-0.0018355505, 0.08698993], [-0.002329191, 0.04374096], [-0.001994252, 0.005253936], [-0.0030826954, -0.033785794], [-0.0033026065, -0.074768856], [-0.0013551951, -0.11612764], [-0.003586833, -0.15461957], [-0.004815567, -0.1949817], [-0.0037158434, -0.23361163], [-0.0010875571, -0.26544923], [0.006013777, -0.29053658], [0.009948435, -0.31323916], [0.013391897, -0.33337563], [0.01778187, -0.34658015], [0.02425793, -0.35203215], [0.028752452, -0.35210103], [0.029161604, -0.35201836]]
[0, 0, 0, 0, 0, 0, 0, 0, 0, 0, 0, 0, 0, 0, 0, 0, 0, 0, 0, 0, 0, 0, 0, 0, 0, 0, 0, 1, 1, 1, 1, 1, 1, 1, 1, 1, 1, 1, 1, 1, 1, 1, 1, 1, 1, 1, 1, 1, 1, 1, 1, 1, 1, 1, 1, 1]
ㅜ
[[-0.5, 0.23946458], [-0.4932321, 0.2411512], [-0.48412624, 0.24267925], [-0.46232417, 0.24524236], [-0.3726792, 0.25560588], [-0.2671713, 0.26458922], [-0.17447343, 0.26952687], [-0.09489784, 0.2703569], [-0.023848541, 0.26801726], [0.045981295, 0.27121523], [0.115419, 0.2719556], [0.18441571, 0.27373075], [0.24597439, 0.27295116], [0.3042688, 0.27055818], [0.35775787, 0.26998425], [0.39540768, 0.2674271], [0.4288791, 0.26598993], [0.453067, 0.26357442], [0.47085056, 0.2627743], [0.479767, 0.2625151], [0.48882937, 0.263135], [0.49727547, 0.26408643], [0.5, 0.26348096], [0.107081205, 0.25050694], [0.070209034, 0.24763836], [0.06926839, 0.2445677], [0.067571916, 0.23821124], [0.06530652, 0.21305683], [0.061562594, 0.18003616], [0.053967416, 0.14124194], [0.04507317, 0.10133225], [0.03923556, 0.063296005], [0.03428412, 0.02286711], [0.031147983, -0.016809162], [0.030431954, -0.05136544], [0.02945783, -0.08549808], [0.028846512, -0.11738979], [0.028992364, -0.14884587], [0.030750876, -0.17662169], [0.03285675, -0.20100403], [0.033693578, -0.22122914], [0.033979006, -0.23829722], [0.03373899, -0.24903682], [0.032629706, -0.25690773], [0.0320848, -0.26143423], [0.032071825, -0.26276046], [0.03375196, -0.26216945], [0.033550866, -0.2641876], [0.03325246, -0.2725775], [0.033375714, -0.27476868]]
[0, 0, 0, 0, 0, 0, 0, 0, 0, 0, 0, 0, 0, 0, 0, 0, 0, 0, 0, 0, 0, 0, 0, 0, 0, 0, 0, 0, 0, 0, 0, 0, 1, 1, 1, 1, 1, 1, 1, 1, 1, 1, 1, 1, 1, 1, 1, 1, 1, 1, 1, 1, 1, 1, 1, 1, 1, 1, 1, 1, 1, 1, 1, 1, 1, 1, 1, 1, 1]
ㅜ
[[-0.5, 0.24684738], [-0.49665773, 0.24684738], [-0.49125707, 0.2471948], [-0.48024124, 0.2485444], [-0.46056214, 0.25041074], [-0.3703062, 0.2590453], [-0.23919776, 0.27159292], [-0.123686366, 0.27544874], [-0.018611817, 0.27435836], [0.07173191, 0.27283883], [0.14804874, 0.26958537], [0.21957277, 0.2679194], [0.29199272, 0.26011476], [0.35508537, 0.25474048], [0.40808988, 0.25285238], [0.45168078, 0.24835959], [0.47263357, 0.24573524], [0.48511666, 0.24419338], [0.49569467, 0.24205033], [0.5, 0.24029988], [0.3252021, 0.24390768], [-0.0719286, 0.25283366], [-0.07299652, 0.25284702], [-0.07304006, 0.25057545], [-0.07277548, 0.24784955], [-0.07277548, 0.24370725], [-0.07090731, 0.23160404], [-0.064519614, 0.20700173], [-0.05497452, 0.1782343], [-0.04152367, 0.14557472], [-0.028793924, 0.11265913], [-0.019523297, 0.08016542], [-0.009365566, 0.047916774], [0.0016227155, 0.016478123], [0.0115599055, -0.014782098], [0.020552037, -0.042426385], [0.030122632, -0.07242808], [0.03983609, -0.10357213], [0.048274353, -0.13203765], [0.05675065, -0.15789859], [0.066157, -0.18405703], [0.07359809, -0.20818335], [0.080309786, -0.22663055], [0.08593798, -0.24405496], [0.08810265, -0.25803185], [0.08949767, -0.26738542], [0.09080851, -0.2727704], [0.094345614, -0.27494845], [0.098537885, -0.2756433], [0.09870359, -0.2756433]]
[0, 0, 0, 0, 0, 0, 0, 0, 0, 0, 0, 0, 0, 0, 0, 0, 0, 0, 0, 0, 0, 0, 0, 0, 0, 0, 1, 1, 1, 1, 1, 1, 1, 1, 1, 1, 1, 1, 1, 1, 1, 1, 1, 1, 1, 1, 1, 1, 1, 1, 1, 1, 1, 1, 1, 1, 1, 1, 1, 1, 1, 1, 1]
ㅜ
[[-0.5, 0.46942556], [-0.49584556, 0.4696917], [-0.4916363, 0.4706441], [-0.48056602, 0.4719847], [-0.43209836, 0.47744685], [-0.34935215, 0.48674804], [-0.2585843, 0.49452966], [-0.1625695, 0.49647146], [-0.07914904, 0.4967387], [-0.0014351252, 0.49551177], [0.07195681, 0.4943123], [0.14869688, 0.4931302], [0.22270122, 0.49412742], [0.28497133, 0.49260673], [0.33937716, 0.4886706], [0.38357735, 0.48761353], [0.41480213, 0.48396572], [0.45070472, 0.48140496], [0.47268853, 0.47972903], [0.486695, 0.47690478], [0.49663436, 0.475084], [0.49991176, 0.47491592], [0.49938235, 0.47491592], [0.060335815, 0.43079698], [0.01896467, 0.4271544], [0.01596458, 0.42286855], [0.012334389, 0.40883553], [0.0071663517, 0.38096488], [0.0039107963, 0.34723777], [7.6395937E-4, 0.3052632], [-0.001696046, 0.25862], [-0.0021934651, 0.21306114], [-0.0034137839, 0.16595316], [-0.0028206948, 0.121218055], [-0.0041634794, 0.067647934], [-3.968589E-4, 0.008082451], [0.0015424007, -0.05795432], [0.003551574, -0.12739928], [0.0015523565, -0.1977678], [0.0028644674, -0.25662124], [-0.0026192423, -0.30597243], [-0.0055983225, -0.3537672], [-0.00768807, -0.39048493], [-0.012547455, -0.42183828], [-0.019000828, -0.44887298], [-0.020275809, -0.46910343], [-0.018473234, -0.48317948], [-0.011470953, -0.49177918], [0.0016386942, -0.49634513], [0.0046324893, -0.49687737]]
[0, 0, 0, 0, 0, 0, 0, 0, 0, 0, 0, 0, 0, 0, 0, 0, 0, 0, 0, 0, 0, 0, 0, 0, 0, 0, 0, 0, 0, 0, 0, 0, 1, 1, 1, 1, 1, 1, 1, 1, 1, 1, 1, 1, 1, 1, 1, 1, 1, 1, 1, 1, 1, 1, 1, 1, 1, 1, 1, 1, 1, 1, 1, 1, 1, 1, 1, 1, 1]
ㅜ
[[-0.5, 0.1831914], [-0.4965401, 0.18642932], [-0.4922395, 0.18766257], [-0.4705256, 0.19295932], [-0.42101574, 0.20244285], [-0.3559718, 0.21333766], [-0.28110734, 0.22457674], [-0.1909252, 0.23608863], [-0.09402537, 0.24433814], [-0.0034724567, 0.24966852], [0.08103402, 0.25433362], [0.15961815, 0.2562707], [0.2297756, 0.2563603], [0.29115546, 0.25453907], [0.34801835, 0.2547567], [0.393763, 0.25504476], [0.4297561, 0.25459686], [0.457187, 0.25384432], [0.47269765, 0.25287712], [0.4841494, 0.25234053], [0.49495304, 0.2508185], [0.49954852, 0.24698447], [0.49881756, 0.24429706], [0.49868318, 0.24405818], [0.012112379, 0.21195264], [-4.694605E-4, 0.21128376], [-0.0015291335, 0.21124792], [-0.002899712, 0.21051934], [-0.004270288, 0.20852469], [-0.005983713, 0.20406741], [-0.009603972, 0.19123955], [-0.01407378, 0.17131329], [-0.018364264, 0.14803581], [-0.024187487, 0.12016708], [-0.029642496, 0.091624096], [-0.033621274, 0.06335508], [-0.03609102, 0.028987776], [-0.03721444, -0.010055506], [-0.037527274, -0.04831376], [-0.037220992, -0.08607015], [-0.037962653, -0.11884827], [-0.038561475, -0.14381312], [-0.037268873, -0.1643929], [-0.03542348, -0.18313932], [-0.0322191, -0.2009635], [-0.027844928, -0.22003692], [-0.024319373, -0.23642963], [-0.019730438, -0.2489515], [-0.01607338, -0.25663546], [-0.015933631, -0.25692213]]
[0, 0, 0, 0, 0, 0, 0, 0, 0, 0, 0, 0, 0, 0, 0, 0, 0, 0, 0, 0, 0, 0, 0, 0, 0, 1, 1, 1, 1, 1, 1, 1, 1, 1, 1, 1, 1, 1, 1, 1, 1, 1, 1, 1, 1, 1, 1, 1, 1, 1, 1, 1]
